episode,steps,reward_0,reward_1,reward_2,reward_3,reward_4,reward_5,reward_6,reward_7,loss_0,loss_1,loss_2,loss_3,loss_4,loss_5,loss_6,loss_7,exploration_0,exploration_1,exploration_2,exploration_3,exploration_4,exploration_5,exploration_6,exploration_7,collision_0,collision_1,collision_2,collision_3,collision_4,collision_5,collision_6,collision_7,ou_theta_0,ou_theta_1,ou_theta_2,ou_theta_3,ou_theta_4,ou_theta_5,ou_theta_6,ou_theta_7,ou_mu_0,ou_mu_1,ou_mu_2,ou_mu_3,ou_mu_4,ou_mu_5,ou_mu_6,ou_mu_7,ou_sigma_0,ou_sigma_1,ou_sigma_2,ou_sigma_3,ou_sigma_4,ou_sigma_5,ou_sigma_6,ou_sigma_7,ou_dt_0,ou_dt_1,ou_dt_2,ou_dt_3,ou_dt_4,ou_dt_5,ou_dt_6,ou_dt_7,ou_x0_0,ou_x0_1,ou_x0_2,ou_x0_3,ou_x0_4,ou_x0_5,ou_x0_6,ou_x0_7
0,2,7.833333333333334,2.75,-50.0,3.25,15.25,2.9166666666666665,-50.0,0.0,-0.5,-0.5,-0.5,-0.5,-0.5,-0.5,-0.5,-0.5,138,138,138,138,138,138,138,138,0.0,0.0,1.0,0.0,0.0,0.0,1.0,0.0,0.15,0.15,0.15,0.15,0.15,0.15,0.15,0.15,[0. 0. 0. 0. 0. 0. 0. 0. 0. 0. 0. 0.],[0. 0. 0. 0. 0. 0. 0. 0. 0. 0. 0. 0.],[0. 0. 0. 0. 0. 0. 0. 0. 0. 0. 0. 0.],[0. 0. 0. 0. 0. 0. 0. 0. 0. 0. 0. 0.],[0. 0. 0. 0. 0. 0. 0. 0. 0. 0. 0. 0.],[0. 0. 0. 0. 0. 0. 0. 0. 0. 0. 0. 0.],[0. 0. 0. 0. 0. 0. 0. 0. 0. 0. 0. 0.],[0. 0. 0. 0. 0. 0. 0. 0. 0. 0. 0. 0.],0.3,0.3,0.3,0.3,0.3,0.3,0.3,0.3,0.01,0.01,0.01,0.01,0.01,0.01,0.01,0.01,,,,,,,,
1,5,4.2,5.3,-16.333333333333336,1.2,1.3733333333333335,0.2,-19.919999999999998,0.0,-0.2,-0.2,-0.2,-0.2,-0.2,-0.2,-0.2,-0.2,173,173,173,173,173,173,173,173,0.0,0.0,1.0,0.0,0.0,0.0,1.0,0.0,0.15,0.15,0.15,0.15,0.15,0.15,0.15,0.15,[0. 0. 0. 0. 0. 0. 0. 0. 0. 0. 0. 0.],[0. 0. 0. 0. 0. 0. 0. 0. 0. 0. 0. 0.],[0. 0. 0. 0. 0. 0. 0. 0. 0. 0. 0. 0.],[0. 0. 0. 0. 0. 0. 0. 0. 0. 0. 0. 0.],[0. 0. 0. 0. 0. 0. 0. 0. 0. 0. 0. 0.],[0. 0. 0. 0. 0. 0. 0. 0. 0. 0. 0. 0.],[0. 0. 0. 0. 0. 0. 0. 0. 0. 0. 0. 0.],[0. 0. 0. 0. 0. 0. 0. 0. 0. 0. 0. 0.],0.3,0.3,0.3,0.3,0.3,0.3,0.3,0.3,0.01,0.01,0.01,0.01,0.01,0.01,0.01,0.01,,,,,,,,
2,51,0.004411764705882353,0.11140607758254817,0.35256158897463247,0.024509803921568627,0.1388888888888889,0.1568627450980392,0.7507290095525389,0.11669389978213507,-0.0196078431372549,-0.0196078431372549,-0.0196078431372549,-0.0196078431372549,-0.0196078431372549,-0.0196078431372549,-0.0196078431372549,-0.0196078431372549,261,261,261,261,261,261,261,261,0.0,0.0,0.0,0.0,0.0,0.0,0.0,0.0,0.15,0.15,0.15,0.15,0.15,0.15,0.15,0.15,[0. 0. 0. 0. 0. 0. 0. 0. 0. 0. 0. 0.],[0. 0. 0. 0. 0. 0. 0. 0. 0. 0. 0. 0.],[0. 0. 0. 0. 0. 0. 0. 0. 0. 0. 0. 0.],[0. 0. 0. 0. 0. 0. 0. 0. 0. 0. 0. 0.],[0. 0. 0. 0. 0. 0. 0. 0. 0. 0. 0. 0.],[0. 0. 0. 0. 0. 0. 0. 0. 0. 0. 0. 0.],[0. 0. 0. 0. 0. 0. 0. 0. 0. 0. 0. 0.],[0. 0. 0. 0. 0. 0. 0. 0. 0. 0. 0. 0.],0.3,0.3,0.3,0.3,0.3,0.3,0.3,0.3,0.01,0.01,0.01,0.01,0.01,0.01,0.01,0.01,,,,,,,,
3,23,-4.127536231884058,0.5701581027667985,0.28216011042098,-3.111111111111111,0.14117494824016563,0.3057367149758454,0.12060491493383743,0.5072463768115941,-0.043478260869565216,-0.043478260869565216,-0.043478260869565216,-0.043478260869565216,-0.043478260869565216,-0.043478260869565216,-0.043478260869565216,-0.043478260869565216,273,273,273,273,273,273,273,273,1.0,0.0,0.0,1.0,0.0,0.0,0.0,0.0,0.15,0.15,0.15,0.15,0.15,0.15,0.15,0.15,[0. 0. 0. 0. 0. 0. 0. 0. 0. 0. 0. 0.],[0. 0. 0. 0. 0. 0. 0. 0. 0. 0. 0. 0.],[0. 0. 0. 0. 0. 0. 0. 0. 0. 0. 0. 0.],[0. 0. 0. 0. 0. 0. 0. 0. 0. 0. 0. 0.],[0. 0. 0. 0. 0. 0. 0. 0. 0. 0. 0. 0.],[0. 0. 0. 0. 0. 0. 0. 0. 0. 0. 0. 0.],[0. 0. 0. 0. 0. 0. 0. 0. 0. 0. 0. 0.],[0. 0. 0. 0. 0. 0. 0. 0. 0. 0. 0. 0.],0.3,0.3,0.3,0.3,0.3,0.3,0.3,0.3,0.01,0.01,0.01,0.01,0.01,0.01,0.01,0.01,,,,,,,,
4,1,11.0,0.0,-83.5,0.0,0.0,0.0,-100.0,3.5,-1.0,-1.0,-1.0,-1.0,-1.0,-1.0,-1.0,-1.0,62,62,62,62,62,62,62,62,0.0,0.0,1.0,0.0,0.0,0.0,1.0,0.0,0.15,0.15,0.15,0.15,0.15,0.15,0.15,0.15,[0. 0. 0. 0. 0. 0. 0. 0. 0. 0. 0. 0.],[0. 0. 0. 0. 0. 0. 0. 0. 0. 0. 0. 0.],[0. 0. 0. 0. 0. 0. 0. 0. 0. 0. 0. 0.],[0. 0. 0. 0. 0. 0. 0. 0. 0. 0. 0. 0.],[0. 0. 0. 0. 0. 0. 0. 0. 0. 0. 0. 0.],[0. 0. 0. 0. 0. 0. 0. 0. 0. 0. 0. 0.],[0. 0. 0. 0. 0. 0. 0. 0. 0. 0. 0. 0.],[0. 0. 0. 0. 0. 0. 0. 0. 0. 0. 0. 0.],0.3,0.3,0.3,0.3,0.3,0.3,0.3,0.3,0.01,0.01,0.01,0.01,0.01,0.01,0.01,0.01,,,,,,,,
5,3,-21.5,-33.333333333333336,4.638888888888889,2.1666666666666665,-29.833333333333332,-33.0,0.5833333333333334,0.8333333333333334,-0.3333333333333333,-0.3333333333333333,-0.3333333333333333,-0.3333333333333333,-0.3333333333333333,-0.3333333333333333,-0.3333333333333333,-0.3333333333333333,164,164,164,164,164,164,164,164,1.0,1.0,0.0,0.0,1.0,1.0,0.0,0.0,0.15,0.15,0.15,0.15,0.15,0.15,0.15,0.15,[0. 0. 0. 0. 0. 0. 0. 0. 0. 0. 0. 0.],[0. 0. 0. 0. 0. 0. 0. 0. 0. 0. 0. 0.],[0. 0. 0. 0. 0. 0. 0. 0. 0. 0. 0. 0.],[0. 0. 0. 0. 0. 0. 0. 0. 0. 0. 0. 0.],[0. 0. 0. 0. 0. 0. 0. 0. 0. 0. 0. 0.],[0. 0. 0. 0. 0. 0. 0. 0. 0. 0. 0. 0.],[0. 0. 0. 0. 0. 0. 0. 0. 0. 0. 0. 0.],[0. 0. 0. 0. 0. 0. 0. 0. 0. 0. 0. 0.],0.3,0.3,0.3,0.3,0.3,0.3,0.3,0.3,0.01,0.01,0.01,0.01,0.01,0.01,0.01,0.01,,,,,,,,
6,4,6.708333333333333,0.35,-24.46666666666667,6.75,0.0,1.875,-24.416666666666668,0.0,-0.25,-0.25,-0.25,-0.25,-0.25,-0.25,-0.25,-0.25,149,149,149,149,149,149,149,149,0.0,0.0,1.0,0.0,0.0,0.0,1.0,0.0,0.15,0.15,0.15,0.15,0.15,0.15,0.15,0.15,[0. 0. 0. 0. 0. 0. 0. 0. 0. 0. 0. 0.],[0. 0. 0. 0. 0. 0. 0. 0. 0. 0. 0. 0.],[0. 0. 0. 0. 0. 0. 0. 0. 0. 0. 0. 0.],[0. 0. 0. 0. 0. 0. 0. 0. 0. 0. 0. 0.],[0. 0. 0. 0. 0. 0. 0. 0. 0. 0. 0. 0.],[0. 0. 0. 0. 0. 0. 0. 0. 0. 0. 0. 0.],[0. 0. 0. 0. 0. 0. 0. 0. 0. 0. 0. 0.],[0. 0. 0. 0. 0. 0. 0. 0. 0. 0. 0. 0.],0.3,0.3,0.3,0.3,0.3,0.3,0.3,0.3,0.01,0.01,0.01,0.01,0.01,0.01,0.01,0.01,,,,,,,,
7,1,0.0,32.5,6.5,-85.0,3.0,0.0,0.0,-100.0,-1.0,-1.0,-1.0,-1.0,-1.0,-1.0,-1.0,-1.0,114,114,114,114,114,114,114,114,0.0,0.0,0.0,1.0,0.0,0.0,0.0,1.0,0.15,0.15,0.15,0.15,0.15,0.15,0.15,0.15,[0. 0. 0. 0. 0. 0. 0. 0. 0. 0. 0. 0.],[0. 0. 0. 0. 0. 0. 0. 0. 0. 0. 0. 0.],[0. 0. 0. 0. 0. 0. 0. 0. 0. 0. 0. 0.],[0. 0. 0. 0. 0. 0. 0. 0. 0. 0. 0. 0.],[0. 0. 0. 0. 0. 0. 0. 0. 0. 0. 0. 0.],[0. 0. 0. 0. 0. 0. 0. 0. 0. 0. 0. 0.],[0. 0. 0. 0. 0. 0. 0. 0. 0. 0. 0. 0.],[0. 0. 0. 0. 0. 0. 0. 0. 0. 0. 0. 0.],0.3,0.3,0.3,0.3,0.3,0.3,0.3,0.3,0.01,0.01,0.01,0.01,0.01,0.01,0.01,0.01,,,,,,,,
8,4,6.625,3.0,0.8,-19.0,1.5625,0.75,0.3333333333333333,-24.9,-0.25,-0.25,-0.25,-0.25,-0.25,-0.25,-0.25,-0.25,169,169,169,169,169,169,169,169,0.0,0.0,0.0,1.0,0.0,0.0,0.0,1.0,0.15,0.15,0.15,0.15,0.15,0.15,0.15,0.15,[0. 0. 0. 0. 0. 0. 0. 0. 0. 0. 0. 0.],[0. 0. 0. 0. 0. 0. 0. 0. 0. 0. 0. 0.],[0. 0. 0. 0. 0. 0. 0. 0. 0. 0. 0. 0.],[0. 0. 0. 0. 0. 0. 0. 0. 0. 0. 0. 0.],[0. 0. 0. 0. 0. 0. 0. 0. 0. 0. 0. 0.],[0. 0. 0. 0. 0. 0. 0. 0. 0. 0. 0. 0.],[0. 0. 0. 0. 0. 0. 0. 0. 0. 0. 0. 0.],[0. 0. 0. 0. 0. 0. 0. 0. 0. 0. 0. 0.],0.3,0.3,0.3,0.3,0.3,0.3,0.3,0.3,0.01,0.01,0.01,0.01,0.01,0.01,0.01,0.01,,,,,,,,
9,1,-81.5,0.0,0.0,-100.0,-65.5,0.0,0.0,-100.0,-1.0,-1.0,-1.0,-1.0,-1.0,-1.0,-1.0,-1.0,106,106,106,106,106,106,106,106,1.0,0.0,0.0,1.0,1.0,0.0,0.0,1.0,0.15,0.15,0.15,0.15,0.15,0.15,0.15,0.15,[0. 0. 0. 0. 0. 0. 0. 0. 0. 0. 0. 0.],[0. 0. 0. 0. 0. 0. 0. 0. 0. 0. 0. 0.],[0. 0. 0. 0. 0. 0. 0. 0. 0. 0. 0. 0.],[0. 0. 0. 0. 0. 0. 0. 0. 0. 0. 0. 0.],[0. 0. 0. 0. 0. 0. 0. 0. 0. 0. 0. 0.],[0. 0. 0. 0. 0. 0. 0. 0. 0. 0. 0. 0.],[0. 0. 0. 0. 0. 0. 0. 0. 0. 0. 0. 0.],[0. 0. 0. 0. 0. 0. 0. 0. 0. 0. 0. 0.],0.3,0.3,0.3,0.3,0.3,0.3,0.3,0.3,0.01,0.01,0.01,0.01,0.01,0.01,0.01,0.01,,,,,,,,
10,1,29.0,10.5,-77.5,1.0,3.0,6.5,-98.5,0.0,-1.0,-1.0,-1.0,-1.0,-1.0,-1.0,-1.0,-1.0,148,148,148,148,148,148,148,148,0.0,0.0,1.0,0.0,0.0,0.0,1.0,0.0,0.15,0.15,0.15,0.15,0.15,0.15,0.15,0.15,[0. 0. 0. 0. 0. 0. 0. 0. 0. 0. 0. 0.],[0. 0. 0. 0. 0. 0. 0. 0. 0. 0. 0. 0.],[0. 0. 0. 0. 0. 0. 0. 0. 0. 0. 0. 0.],[0. 0. 0. 0. 0. 0. 0. 0. 0. 0. 0. 0.],[0. 0. 0. 0. 0. 0. 0. 0. 0. 0. 0. 0.],[0. 0. 0. 0. 0. 0. 0. 0. 0. 0. 0. 0.],[0. 0. 0. 0. 0. 0. 0. 0. 0. 0. 0. 0.],[0. 0. 0. 0. 0. 0. 0. 0. 0. 0. 0. 0.],0.3,0.3,0.3,0.3,0.3,0.3,0.3,0.3,0.01,0.01,0.01,0.01,0.01,0.01,0.01,0.01,,,,,,,,
11,2,0.0,-41.666666666666664,0.16666666666666666,-34.75,1.6666666666666667,-50.0,0.75,-50.0,-0.5,-0.5,-0.5,-0.5,-0.5,-0.5,-0.5,-0.5,112,112,112,112,112,112,112,112,0.0,1.0,0.0,1.0,0.0,1.0,0.0,1.0,0.15,0.15,0.15,0.15,0.15,0.15,0.15,0.15,[0. 0. 0. 0. 0. 0. 0. 0. 0. 0. 0. 0.],[0. 0. 0. 0. 0. 0. 0. 0. 0. 0. 0. 0.],[0. 0. 0. 0. 0. 0. 0. 0. 0. 0. 0. 0.],[0. 0. 0. 0. 0. 0. 0. 0. 0. 0. 0. 0.],[0. 0. 0. 0. 0. 0. 0. 0. 0. 0. 0. 0.],[0. 0. 0. 0. 0. 0. 0. 0. 0. 0. 0. 0.],[0. 0. 0. 0. 0. 0. 0. 0. 0. 0. 0. 0.],[0. 0. 0. 0. 0. 0. 0. 0. 0. 0. 0. 0.],0.3,0.3,0.3,0.3,0.3,0.3,0.3,0.3,0.01,0.01,0.01,0.01,0.01,0.01,0.01,0.01,,,,,,,,
12,7,0.0,-11.488095238095239,0.6156462585034015,0.9511904761904761,4.071428571428571,-12.428571428571429,0.11904761904761904,0.2704081632653061,-0.14285714285714285,-0.14285714285714285,-0.14285714285714285,-0.14285714285714285,-0.14285714285714285,-0.14285714285714285,-0.14285714285714285,-0.14285714285714285,168,168,168,168,168,168,168,168,0.0,1.0,0.0,0.0,0.0,1.0,0.0,0.0,0.15,0.15,0.15,0.15,0.15,0.15,0.15,0.15,[0. 0. 0. 0. 0. 0. 0. 0. 0. 0. 0. 0.],[0. 0. 0. 0. 0. 0. 0. 0. 0. 0. 0. 0.],[0. 0. 0. 0. 0. 0. 0. 0. 0. 0. 0. 0.],[0. 0. 0. 0. 0. 0. 0. 0. 0. 0. 0. 0.],[0. 0. 0. 0. 0. 0. 0. 0. 0. 0. 0. 0.],[0. 0. 0. 0. 0. 0. 0. 0. 0. 0. 0. 0.],[0. 0. 0. 0. 0. 0. 0. 0. 0. 0. 0. 0.],[0. 0. 0. 0. 0. 0. 0. 0. 0. 0. 0. 0.],0.3,0.3,0.3,0.3,0.3,0.3,0.3,0.3,0.01,0.01,0.01,0.01,0.01,0.01,0.01,0.01,,,,,,,,
13,1,25.5,-80.0,0.0,0.0,0.0,-93.5,2.5,3.5,-1.0,-1.0,-1.0,-1.0,-1.0,-1.0,-1.0,-1.0,116,116,116,116,116,116,116,116,0.0,1.0,0.0,0.0,0.0,1.0,0.0,0.0,0.15,0.15,0.15,0.15,0.15,0.15,0.15,0.15,[0. 0. 0. 0. 0. 0. 0. 0. 0. 0. 0. 0.],[0. 0. 0. 0. 0. 0. 0. 0. 0. 0. 0. 0.],[0. 0. 0. 0. 0. 0. 0. 0. 0. 0. 0. 0.],[0. 0. 0. 0. 0. 0. 0. 0. 0. 0. 0. 0.],[0. 0. 0. 0. 0. 0. 0. 0. 0. 0. 0. 0.],[0. 0. 0. 0. 0. 0. 0. 0. 0. 0. 0. 0.],[0. 0. 0. 0. 0. 0. 0. 0. 0. 0. 0. 0.],[0. 0. 0. 0. 0. 0. 0. 0. 0. 0. 0. 0.],0.3,0.3,0.3,0.3,0.3,0.3,0.3,0.3,0.01,0.01,0.01,0.01,0.01,0.01,0.01,0.01,,,,,,,,
14,16,0.7800480769230769,-6.03125,0.31586538461538466,0.23586309523809523,0.6666666666666666,-4.6046875,1.0670530143875732,0.0625,-0.0625,-0.0625,-0.0625,-0.0625,-0.0625,-0.0625,-0.0625,-0.0625,248,248,248,248,248,248,248,248,0.0,1.0,0.0,0.0,0.0,1.0,0.0,0.0,0.15,0.15,0.15,0.15,0.15,0.15,0.15,0.15,[0. 0. 0. 0. 0. 0. 0. 0. 0. 0. 0. 0.],[0. 0. 0. 0. 0. 0. 0. 0. 0. 0. 0. 0.],[0. 0. 0. 0. 0. 0. 0. 0. 0. 0. 0. 0.],[0. 0. 0. 0. 0. 0. 0. 0. 0. 0. 0. 0.],[0. 0. 0. 0. 0. 0. 0. 0. 0. 0. 0. 0.],[0. 0. 0. 0. 0. 0. 0. 0. 0. 0. 0. 0.],[0. 0. 0. 0. 0. 0. 0. 0. 0. 0. 0. 0.],[0. 0. 0. 0. 0. 0. 0. 0. 0. 0. 0. 0.],0.3,0.3,0.3,0.3,0.3,0.3,0.3,0.3,0.01,0.01,0.01,0.01,0.01,0.01,0.01,0.01,,,,,,,,
15,18,1.6698776985541692,0.04783950617283951,0.9346652802535158,1.1254061078622482,0.2635683760683761,0.45370370370370366,0.2268518518518519,0.10910493827160493,-0.05555555555555555,-0.05555555555555555,-0.05555555555555555,-0.05555555555555555,-0.05555555555555555,-0.05555555555555555,-0.05555555555555555,-0.05555555555555555,267,267,267,267,267,267,267,267,0.0,0.0,0.0,0.0,0.0,0.0,0.0,0.0,0.15,0.15,0.15,0.15,0.15,0.15,0.15,0.15,[0. 0. 0. 0. 0. 0. 0. 0. 0. 0. 0. 0.],[0. 0. 0. 0. 0. 0. 0. 0. 0. 0. 0. 0.],[0. 0. 0. 0. 0. 0. 0. 0. 0. 0. 0. 0.],[0. 0. 0. 0. 0. 0. 0. 0. 0. 0. 0. 0.],[0. 0. 0. 0. 0. 0. 0. 0. 0. 0. 0. 0.],[0. 0. 0. 0. 0. 0. 0. 0. 0. 0. 0. 0.],[0. 0. 0. 0. 0. 0. 0. 0. 0. 0. 0. 0.],[0. 0. 0. 0. 0. 0. 0. 0. 0. 0. 0. 0.],0.3,0.3,0.3,0.3,0.3,0.3,0.3,0.3,0.01,0.01,0.01,0.01,0.01,0.01,0.01,0.01,,,,,,,,
16,3,9.666666666666666,-31.88888888888889,3.5,0.0,0.4166666666666667,-32.666666666666664,7.833333333333333,1.277777777777778,-0.3333333333333333,-0.3333333333333333,-0.3333333333333333,-0.3333333333333333,-0.3333333333333333,-0.3333333333333333,-0.3333333333333333,-0.3333333333333333,161,161,161,161,161,161,161,161,0.0,1.0,0.0,0.0,0.0,1.0,0.0,0.0,0.15,0.15,0.15,0.15,0.15,0.15,0.15,0.15,[0. 0. 0. 0. 0. 0. 0. 0. 0. 0. 0. 0.],[0. 0. 0. 0. 0. 0. 0. 0. 0. 0. 0. 0.],[0. 0. 0. 0. 0. 0. 0. 0. 0. 0. 0. 0.],[0. 0. 0. 0. 0. 0. 0. 0. 0. 0. 0. 0.],[0. 0. 0. 0. 0. 0. 0. 0. 0. 0. 0. 0.],[0. 0. 0. 0. 0. 0. 0. 0. 0. 0. 0. 0.],[0. 0. 0. 0. 0. 0. 0. 0. 0. 0. 0. 0.],[0. 0. 0. 0. 0. 0. 0. 0. 0. 0. 0. 0.],0.3,0.3,0.3,0.3,0.3,0.3,0.3,0.3,0.01,0.01,0.01,0.01,0.01,0.01,0.01,0.01,,,,,,,,
17,1,-81.5,0.0,32.5,0.0,-87.0,5.0,0.0,1.5,-1.0,-1.0,-1.0,-1.0,-1.0,-1.0,-1.0,-1.0,141,141,141,141,141,141,141,141,1.0,0.0,0.0,0.0,1.0,0.0,0.0,0.0,0.15,0.15,0.15,0.15,0.15,0.15,0.15,0.15,[0. 0. 0. 0. 0. 0. 0. 0. 0. 0. 0. 0.],[0. 0. 0. 0. 0. 0. 0. 0. 0. 0. 0. 0.],[0. 0. 0. 0. 0. 0. 0. 0. 0. 0. 0. 0.],[0. 0. 0. 0. 0. 0. 0. 0. 0. 0. 0. 0.],[0. 0. 0. 0. 0. 0. 0. 0. 0. 0. 0. 0.],[0. 0. 0. 0. 0. 0. 0. 0. 0. 0. 0. 0.],[0. 0. 0. 0. 0. 0. 0. 0. 0. 0. 0. 0.],[0. 0. 0. 0. 0. 0. 0. 0. 0. 0. 0. 0.],0.3,0.3,0.3,0.3,0.3,0.3,0.3,0.3,0.01,0.01,0.01,0.01,0.01,0.01,0.01,0.01,,,,,,,,
18,1,18.5,-98.0,-100.0,0.5,0.0,-100.0,-100.0,18.0,-1.0,-1.0,-1.0,-1.0,-1.0,-1.0,-1.0,-1.0,78,78,78,78,78,78,78,78,0.0,1.0,1.0,0.0,0.0,1.0,1.0,0.0,0.15,0.15,0.15,0.15,0.15,0.15,0.15,0.15,[0. 0. 0. 0. 0. 0. 0. 0. 0. 0. 0. 0.],[0. 0. 0. 0. 0. 0. 0. 0. 0. 0. 0. 0.],[0. 0. 0. 0. 0. 0. 0. 0. 0. 0. 0. 0.],[0. 0. 0. 0. 0. 0. 0. 0. 0. 0. 0. 0.],[0. 0. 0. 0. 0. 0. 0. 0. 0. 0. 0. 0.],[0. 0. 0. 0. 0. 0. 0. 0. 0. 0. 0. 0.],[0. 0. 0. 0. 0. 0. 0. 0. 0. 0. 0. 0.],[0. 0. 0. 0. 0. 0. 0. 0. 0. 0. 0. 0.],0.3,0.3,0.3,0.3,0.3,0.3,0.3,0.3,0.01,0.01,0.01,0.01,0.01,0.01,0.01,0.01,,,,,,,,
19,3,0.0,7.111111111111111,-31.833333333333332,9.166666666666666,5.25,0.4444444444444444,-33.333333333333336,0.08333333333333333,-0.3333333333333333,-0.3333333333333333,-0.3333333333333333,-0.3333333333333333,-0.3333333333333333,-0.3333333333333333,-0.3333333333333333,-0.3333333333333333,147,147,147,147,147,147,147,147,0.0,0.0,1.0,0.0,0.0,0.0,1.0,0.0,0.15,0.15,0.15,0.15,0.15,0.15,0.15,0.15,[0. 0. 0. 0. 0. 0. 0. 0. 0. 0. 0. 0.],[0. 0. 0. 0. 0. 0. 0. 0. 0. 0. 0. 0.],[0. 0. 0. 0. 0. 0. 0. 0. 0. 0. 0. 0.],[0. 0. 0. 0. 0. 0. 0. 0. 0. 0. 0. 0.],[0. 0. 0. 0. 0. 0. 0. 0. 0. 0. 0. 0.],[0. 0. 0. 0. 0. 0. 0. 0. 0. 0. 0. 0.],[0. 0. 0. 0. 0. 0. 0. 0. 0. 0. 0. 0.],[0. 0. 0. 0. 0. 0. 0. 0. 0. 0. 0. 0.],0.3,0.3,0.3,0.3,0.3,0.3,0.3,0.3,0.01,0.01,0.01,0.01,0.01,0.01,0.01,0.01,,,,,,,,
20,23,1.314423740510697,0.008695652173913044,0.7510914064622504,0.186419257071431,0.5528294550605763,0.5652173913043478,0.30434782608695654,0.10973084886128363,-0.043478260869565216,-0.043478260869565216,-0.043478260869565216,-0.043478260869565216,-0.043478260869565216,-0.043478260869565216,-0.043478260869565216,-0.043478260869565216,290,290,290,290,290,290,290,290,0.0,0.0,0.0,0.0,0.0,0.0,0.0,0.0,0.15,0.15,0.15,0.15,0.15,0.15,0.15,0.15,[0. 0. 0. 0. 0. 0. 0. 0. 0. 0. 0. 0.],[0. 0. 0. 0. 0. 0. 0. 0. 0. 0. 0. 0.],[0. 0. 0. 0. 0. 0. 0. 0. 0. 0. 0. 0.],[0. 0. 0. 0. 0. 0. 0. 0. 0. 0. 0. 0.],[0. 0. 0. 0. 0. 0. 0. 0. 0. 0. 0. 0.],[0. 0. 0. 0. 0. 0. 0. 0. 0. 0. 0. 0.],[0. 0. 0. 0. 0. 0. 0. 0. 0. 0. 0. 0.],[0. 0. 0. 0. 0. 0. 0. 0. 0. 0. 0. 0.],0.3,0.3,0.3,0.3,0.3,0.3,0.3,0.3,0.01,0.01,0.01,0.01,0.01,0.01,0.01,0.01,,,,,,,,
21,12,2.5416666666666665,-6.486111111111111,0.44801587301587303,0.019230769230769232,0.19853988603988604,-8.006944444444445,0.1875,0.4444444444444444,-0.08333333333333333,-0.08333333333333333,-0.08333333333333333,-0.08333333333333333,-0.08333333333333333,-0.08333333333333333,-0.08333333333333333,-0.08333333333333333,198,198,198,198,198,198,198,198,0.0,1.0,0.0,0.0,0.0,1.0,0.0,0.0,0.15,0.15,0.15,0.15,0.15,0.15,0.15,0.15,[0. 0. 0. 0. 0. 0. 0. 0. 0. 0. 0. 0.],[0. 0. 0. 0. 0. 0. 0. 0. 0. 0. 0. 0.],[0. 0. 0. 0. 0. 0. 0. 0. 0. 0. 0. 0.],[0. 0. 0. 0. 0. 0. 0. 0. 0. 0. 0. 0.],[0. 0. 0. 0. 0. 0. 0. 0. 0. 0. 0. 0.],[0. 0. 0. 0. 0. 0. 0. 0. 0. 0. 0. 0.],[0. 0. 0. 0. 0. 0. 0. 0. 0. 0. 0. 0.],[0. 0. 0. 0. 0. 0. 0. 0. 0. 0. 0. 0.],0.3,0.3,0.3,0.3,0.3,0.3,0.3,0.3,0.01,0.01,0.01,0.01,0.01,0.01,0.01,0.01,,,,,,,,
22,5,-14.780000000000001,2.533333333333333,0.38333333333333336,5.766666666666667,-20.0,0.07333333333333333,0.45,0.8,-0.2,-0.2,-0.2,-0.2,-0.2,-0.2,-0.2,-0.2,165,165,165,165,165,165,165,165,1.0,0.0,0.0,0.0,1.0,0.0,0.0,0.0,0.15,0.15,0.15,0.15,0.15,0.15,0.15,0.15,[0. 0. 0. 0. 0. 0. 0. 0. 0. 0. 0. 0.],[0. 0. 0. 0. 0. 0. 0. 0. 0. 0. 0. 0.],[0. 0. 0. 0. 0. 0. 0. 0. 0. 0. 0. 0.],[0. 0. 0. 0. 0. 0. 0. 0. 0. 0. 0. 0.],[0. 0. 0. 0. 0. 0. 0. 0. 0. 0. 0. 0.],[0. 0. 0. 0. 0. 0. 0. 0. 0. 0. 0. 0.],[0. 0. 0. 0. 0. 0. 0. 0. 0. 0. 0. 0.],[0. 0. 0. 0. 0. 0. 0. 0. 0. 0. 0. 0.],0.3,0.3,0.3,0.3,0.3,0.3,0.3,0.3,0.01,0.01,0.01,0.01,0.01,0.01,0.01,0.01,,,,,,,,
23,13,-7.10989010989011,0.042476754015215556,1.799145299145299,0.43974358974358974,-7.633966033966034,1.1794871794871795,2.2673992673992673,0.3076923076923077,-0.07692307692307693,-0.07692307692307693,-0.07692307692307693,-0.07692307692307693,-0.07692307692307693,-0.07692307692307693,-0.07692307692307693,-0.07692307692307693,256,256,256,256,256,256,256,256,1.0,0.0,0.0,0.0,1.0,0.0,0.0,0.0,0.15,0.15,0.15,0.15,0.15,0.15,0.15,0.15,[0. 0. 0. 0. 0. 0. 0. 0. 0. 0. 0. 0.],[0. 0. 0. 0. 0. 0. 0. 0. 0. 0. 0. 0.],[0. 0. 0. 0. 0. 0. 0. 0. 0. 0. 0. 0.],[0. 0. 0. 0. 0. 0. 0. 0. 0. 0. 0. 0.],[0. 0. 0. 0. 0. 0. 0. 0. 0. 0. 0. 0.],[0. 0. 0. 0. 0. 0. 0. 0. 0. 0. 0. 0.],[0. 0. 0. 0. 0. 0. 0. 0. 0. 0. 0. 0.],[0. 0. 0. 0. 0. 0. 0. 0. 0. 0. 0. 0.],0.3,0.3,0.3,0.3,0.3,0.3,0.3,0.3,0.01,0.01,0.01,0.01,0.01,0.01,0.01,0.01,,,,,,,,
24,4,-21.35,3.4166666666666665,0.8125,1.0833333333333333,-17.666666666666668,0.3333333333333333,0.0625,0.0,-0.25,-0.25,-0.25,-0.25,-0.25,-0.25,-0.25,-0.25,161,161,161,161,161,161,161,161,1.0,0.0,0.0,0.0,1.0,0.0,0.0,0.0,0.15,0.15,0.15,0.15,0.15,0.15,0.15,0.15,[0. 0. 0. 0. 0. 0. 0. 0. 0. 0. 0. 0.],[0. 0. 0. 0. 0. 0. 0. 0. 0. 0. 0. 0.],[0. 0. 0. 0. 0. 0. 0. 0. 0. 0. 0. 0.],[0. 0. 0. 0. 0. 0. 0. 0. 0. 0. 0. 0.],[0. 0. 0. 0. 0. 0. 0. 0. 0. 0. 0. 0.],[0. 0. 0. 0. 0. 0. 0. 0. 0. 0. 0. 0.],[0. 0. 0. 0. 0. 0. 0. 0. 0. 0. 0. 0.],[0. 0. 0. 0. 0. 0. 0. 0. 0. 0. 0. 0.],0.3,0.3,0.3,0.3,0.3,0.3,0.3,0.3,0.01,0.01,0.01,0.01,0.01,0.01,0.01,0.01,,,,,,,,
25,2,-36.916666666666664,5.0,2.5,4.75,-50.0,0.8333333333333334,6.416666666666667,3.0,-0.5,-0.5,-0.5,-0.5,-0.5,-0.5,-0.5,-0.5,146,146,146,146,146,146,146,146,1.0,0.0,0.0,0.0,1.0,0.0,0.0,0.0,0.15,0.15,0.15,0.15,0.15,0.15,0.15,0.15,[0. 0. 0. 0. 0. 0. 0. 0. 0. 0. 0. 0.],[0. 0. 0. 0. 0. 0. 0. 0. 0. 0. 0. 0.],[0. 0. 0. 0. 0. 0. 0. 0. 0. 0. 0. 0.],[0. 0. 0. 0. 0. 0. 0. 0. 0. 0. 0. 0.],[0. 0. 0. 0. 0. 0. 0. 0. 0. 0. 0. 0.],[0. 0. 0. 0. 0. 0. 0. 0. 0. 0. 0. 0.],[0. 0. 0. 0. 0. 0. 0. 0. 0. 0. 0. 0.],[0. 0. 0. 0. 0. 0. 0. 0. 0. 0. 0. 0.],0.3,0.3,0.3,0.3,0.3,0.3,0.3,0.3,0.01,0.01,0.01,0.01,0.01,0.01,0.01,0.01,,,,,,,,
26,3,3.888888888888889,1.277777777777778,0.0,-33.22222222222222,11.833333333333334,0.3333333333333333,3.5,-29.944444444444443,-0.3333333333333333,-0.3333333333333333,-0.3333333333333333,-0.3333333333333333,-0.3333333333333333,-0.3333333333333333,-0.3333333333333333,-0.3333333333333333,155,155,155,155,155,155,155,155,0.0,0.0,0.0,1.0,0.0,0.0,0.0,1.0,0.15,0.15,0.15,0.15,0.15,0.15,0.15,0.15,[0. 0. 0. 0. 0. 0. 0. 0. 0. 0. 0. 0.],[0. 0. 0. 0. 0. 0. 0. 0. 0. 0. 0. 0.],[0. 0. 0. 0. 0. 0. 0. 0. 0. 0. 0. 0.],[0. 0. 0. 0. 0. 0. 0. 0. 0. 0. 0. 0.],[0. 0. 0. 0. 0. 0. 0. 0. 0. 0. 0. 0.],[0. 0. 0. 0. 0. 0. 0. 0. 0. 0. 0. 0.],[0. 0. 0. 0. 0. 0. 0. 0. 0. 0. 0. 0.],[0. 0. 0. 0. 0. 0. 0. 0. 0. 0. 0. 0.],0.3,0.3,0.3,0.3,0.3,0.3,0.3,0.3,0.01,0.01,0.01,0.01,0.01,0.01,0.01,0.01,,,,,,,,
27,1,-100.0,13.0,1.0,32.0,-100.0,2.5,14.0,0.0,-1.0,-1.0,-1.0,-1.0,-1.0,-1.0,-1.0,-1.0,125,125,125,125,125,125,125,125,1.0,0.0,0.0,0.0,1.0,0.0,0.0,0.0,0.15,0.15,0.15,0.15,0.15,0.15,0.15,0.15,[0. 0. 0. 0. 0. 0. 0. 0. 0. 0. 0. 0.],[0. 0. 0. 0. 0. 0. 0. 0. 0. 0. 0. 0.],[0. 0. 0. 0. 0. 0. 0. 0. 0. 0. 0. 0.],[0. 0. 0. 0. 0. 0. 0. 0. 0. 0. 0. 0.],[0. 0. 0. 0. 0. 0. 0. 0. 0. 0. 0. 0.],[0. 0. 0. 0. 0. 0. 0. 0. 0. 0. 0. 0.],[0. 0. 0. 0. 0. 0. 0. 0. 0. 0. 0. 0.],[0. 0. 0. 0. 0. 0. 0. 0. 0. 0. 0. 0.],0.3,0.3,0.3,0.3,0.3,0.3,0.3,0.3,0.01,0.01,0.01,0.01,0.01,0.01,0.01,0.01,,,,,,,,
28,1,-89.0,0.0,0.0,34.5,-92.0,0.0,0.0,0.0,-1.0,-1.0,-1.0,-1.0,-1.0,-1.0,-1.0,-1.0,107,107,107,107,107,107,107,107,1.0,0.0,0.0,0.0,1.0,0.0,0.0,0.0,0.15,0.15,0.15,0.15,0.15,0.15,0.15,0.15,[0. 0. 0. 0. 0. 0. 0. 0. 0. 0. 0. 0.],[0. 0. 0. 0. 0. 0. 0. 0. 0. 0. 0. 0.],[0. 0. 0. 0. 0. 0. 0. 0. 0. 0. 0. 0.],[0. 0. 0. 0. 0. 0. 0. 0. 0. 0. 0. 0.],[0. 0. 0. 0. 0. 0. 0. 0. 0. 0. 0. 0.],[0. 0. 0. 0. 0. 0. 0. 0. 0. 0. 0. 0.],[0. 0. 0. 0. 0. 0. 0. 0. 0. 0. 0. 0.],[0. 0. 0. 0. 0. 0. 0. 0. 0. 0. 0. 0.],0.3,0.3,0.3,0.3,0.3,0.3,0.3,0.3,0.01,0.01,0.01,0.01,0.01,0.01,0.01,0.01,,,,,,,,
29,1,25.5,0.0,-100.0,9.5,7.0,0.0,-79.0,3.5,-1.0,-1.0,-1.0,-1.0,-1.0,-1.0,-1.0,-1.0,133,133,133,133,133,133,133,133,0.0,0.0,1.0,0.0,0.0,0.0,1.0,0.0,0.15,0.15,0.15,0.15,0.15,0.15,0.15,0.15,[0. 0. 0. 0. 0. 0. 0. 0. 0. 0. 0. 0.],[0. 0. 0. 0. 0. 0. 0. 0. 0. 0. 0. 0.],[0. 0. 0. 0. 0. 0. 0. 0. 0. 0. 0. 0.],[0. 0. 0. 0. 0. 0. 0. 0. 0. 0. 0. 0.],[0. 0. 0. 0. 0. 0. 0. 0. 0. 0. 0. 0.],[0. 0. 0. 0. 0. 0. 0. 0. 0. 0. 0. 0.],[0. 0. 0. 0. 0. 0. 0. 0. 0. 0. 0. 0.],[0. 0. 0. 0. 0. 0. 0. 0. 0. 0. 0. 0.],0.3,0.3,0.3,0.3,0.3,0.3,0.3,0.3,0.01,0.01,0.01,0.01,0.01,0.01,0.01,0.01,,,,,,,,
30,3,3.6666666666666665,2.5,-22.944444444444443,3.3333333333333335,1.5,0.75,-32.333333333333336,0.8888888888888888,-0.3333333333333333,-0.3333333333333333,-0.3333333333333333,-0.3333333333333333,-0.3333333333333333,-0.3333333333333333,-0.3333333333333333,-0.3333333333333333,166,166,166,166,166,166,166,166,0.0,0.0,1.0,0.0,0.0,0.0,1.0,0.0,0.15,0.15,0.15,0.15,0.15,0.15,0.15,0.15,[0. 0. 0. 0. 0. 0. 0. 0. 0. 0. 0. 0.],[0. 0. 0. 0. 0. 0. 0. 0. 0. 0. 0. 0.],[0. 0. 0. 0. 0. 0. 0. 0. 0. 0. 0. 0.],[0. 0. 0. 0. 0. 0. 0. 0. 0. 0. 0. 0.],[0. 0. 0. 0. 0. 0. 0. 0. 0. 0. 0. 0.],[0. 0. 0. 0. 0. 0. 0. 0. 0. 0. 0. 0.],[0. 0. 0. 0. 0. 0. 0. 0. 0. 0. 0. 0.],[0. 0. 0. 0. 0. 0. 0. 0. 0. 0. 0. 0.],0.3,0.3,0.3,0.3,0.3,0.3,0.3,0.3,0.01,0.01,0.01,0.01,0.01,0.01,0.01,0.01,,,,,,,,
31,3,0.0,4.833333333333333,2.444444444444444,-32.44444444444444,9.0,4.5,1.611111111111111,-33.22222222222222,-0.3333333333333333,-0.3333333333333333,-0.3333333333333333,-0.3333333333333333,-0.3333333333333333,-0.3333333333333333,-0.3333333333333333,-0.3333333333333333,156,156,156,156,156,156,156,156,0.0,0.0,0.0,1.0,0.0,0.0,0.0,1.0,0.15,0.15,0.15,0.15,0.15,0.15,0.15,0.15,[0. 0. 0. 0. 0. 0. 0. 0. 0. 0. 0. 0.],[0. 0. 0. 0. 0. 0. 0. 0. 0. 0. 0. 0.],[0. 0. 0. 0. 0. 0. 0. 0. 0. 0. 0. 0.],[0. 0. 0. 0. 0. 0. 0. 0. 0. 0. 0. 0.],[0. 0. 0. 0. 0. 0. 0. 0. 0. 0. 0. 0.],[0. 0. 0. 0. 0. 0. 0. 0. 0. 0. 0. 0.],[0. 0. 0. 0. 0. 0. 0. 0. 0. 0. 0. 0.],[0. 0. 0. 0. 0. 0. 0. 0. 0. 0. 0. 0.],0.3,0.3,0.3,0.3,0.3,0.3,0.3,0.3,0.01,0.01,0.01,0.01,0.01,0.01,0.01,0.01,,,,,,,,
32,1,32.5,0.0,6.5,-83.0,0.0,1.0,0.5,-96.5,-1.0,-1.0,-1.0,-1.0,-1.0,-1.0,-1.0,-1.0,122,122,122,122,122,122,122,122,0.0,0.0,0.0,1.0,0.0,0.0,0.0,1.0,0.15,0.15,0.15,0.15,0.15,0.15,0.15,0.15,[0. 0. 0. 0. 0. 0. 0. 0. 0. 0. 0. 0.],[0. 0. 0. 0. 0. 0. 0. 0. 0. 0. 0. 0.],[0. 0. 0. 0. 0. 0. 0. 0. 0. 0. 0. 0.],[0. 0. 0. 0. 0. 0. 0. 0. 0. 0. 0. 0.],[0. 0. 0. 0. 0. 0. 0. 0. 0. 0. 0. 0.],[0. 0. 0. 0. 0. 0. 0. 0. 0. 0. 0. 0.],[0. 0. 0. 0. 0. 0. 0. 0. 0. 0. 0. 0.],[0. 0. 0. 0. 0. 0. 0. 0. 0. 0. 0. 0.],0.3,0.3,0.3,0.3,0.3,0.3,0.3,0.3,0.01,0.01,0.01,0.01,0.01,0.01,0.01,0.01,,,,,,,,
33,5,5.74,-15.6,1.45,0.55,1.6,-19.633333333333333,0.6666666666666667,0.0,-0.2,-0.2,-0.2,-0.2,-0.2,-0.2,-0.2,-0.2,164,164,164,164,164,164,164,164,0.0,1.0,0.0,0.0,0.0,1.0,0.0,0.0,0.15,0.15,0.15,0.15,0.15,0.15,0.15,0.15,[0. 0. 0. 0. 0. 0. 0. 0. 0. 0. 0. 0.],[0. 0. 0. 0. 0. 0. 0. 0. 0. 0. 0. 0.],[0. 0. 0. 0. 0. 0. 0. 0. 0. 0. 0. 0.],[0. 0. 0. 0. 0. 0. 0. 0. 0. 0. 0. 0.],[0. 0. 0. 0. 0. 0. 0. 0. 0. 0. 0. 0.],[0. 0. 0. 0. 0. 0. 0. 0. 0. 0. 0. 0.],[0. 0. 0. 0. 0. 0. 0. 0. 0. 0. 0. 0.],[0. 0. 0. 0. 0. 0. 0. 0. 0. 0. 0. 0.],0.3,0.3,0.3,0.3,0.3,0.3,0.3,0.3,0.01,0.01,0.01,0.01,0.01,0.01,0.01,0.01,,,,,,,,
34,2,2.0,8.0,-33.75,1.0,6.0,0.8333333333333333,-46.0,1.0833333333333335,-0.5,-0.5,-0.5,-0.5,-0.5,-0.5,-0.5,-0.5,168,168,168,168,168,168,168,168,0.0,0.0,1.0,0.0,0.0,0.0,1.0,0.0,0.15,0.15,0.15,0.15,0.15,0.15,0.15,0.15,[0. 0. 0. 0. 0. 0. 0. 0. 0. 0. 0. 0.],[0. 0. 0. 0. 0. 0. 0. 0. 0. 0. 0. 0.],[0. 0. 0. 0. 0. 0. 0. 0. 0. 0. 0. 0.],[0. 0. 0. 0. 0. 0. 0. 0. 0. 0. 0. 0.],[0. 0. 0. 0. 0. 0. 0. 0. 0. 0. 0. 0.],[0. 0. 0. 0. 0. 0. 0. 0. 0. 0. 0. 0.],[0. 0. 0. 0. 0. 0. 0. 0. 0. 0. 0. 0.],[0. 0. 0. 0. 0. 0. 0. 0. 0. 0. 0. 0.],0.3,0.3,0.3,0.3,0.3,0.3,0.3,0.3,0.01,0.01,0.01,0.01,0.01,0.01,0.01,0.01,,,,,,,,
35,1,0.0,32.0,-89.0,6.5,6.0,8.0,-100.0,5.0,-1.0,-1.0,-1.0,-1.0,-1.0,-1.0,-1.0,-1.0,137,137,137,137,137,137,137,137,0.0,0.0,1.0,0.0,0.0,0.0,1.0,0.0,0.15,0.15,0.15,0.15,0.15,0.15,0.15,0.15,[0. 0. 0. 0. 0. 0. 0. 0. 0. 0. 0. 0.],[0. 0. 0. 0. 0. 0. 0. 0. 0. 0. 0. 0.],[0. 0. 0. 0. 0. 0. 0. 0. 0. 0. 0. 0.],[0. 0. 0. 0. 0. 0. 0. 0. 0. 0. 0. 0.],[0. 0. 0. 0. 0. 0. 0. 0. 0. 0. 0. 0.],[0. 0. 0. 0. 0. 0. 0. 0. 0. 0. 0. 0.],[0. 0. 0. 0. 0. 0. 0. 0. 0. 0. 0. 0.],[0. 0. 0. 0. 0. 0. 0. 0. 0. 0. 0. 0.],0.3,0.3,0.3,0.3,0.3,0.3,0.3,0.3,0.01,0.01,0.01,0.01,0.01,0.01,0.01,0.01,,,,,,,,
36,28,0.18698107448107448,1.3029004639996022,0.10292207792207793,0.4386941733215025,0.41522881880024726,0.23452380952380952,0.05952380952380953,0.16071428571428573,-0.03571428571428571,-0.03571428571428571,-0.03571428571428571,-0.03571428571428571,-0.03571428571428571,-0.03571428571428571,-0.03571428571428571,-0.03571428571428571,282,282,282,282,282,282,282,282,0.0,0.0,0.0,0.0,0.0,0.0,0.0,0.0,0.15,0.15,0.15,0.15,0.15,0.15,0.15,0.15,[0. 0. 0. 0. 0. 0. 0. 0. 0. 0. 0. 0.],[0. 0. 0. 0. 0. 0. 0. 0. 0. 0. 0. 0.],[0. 0. 0. 0. 0. 0. 0. 0. 0. 0. 0. 0.],[0. 0. 0. 0. 0. 0. 0. 0. 0. 0. 0. 0.],[0. 0. 0. 0. 0. 0. 0. 0. 0. 0. 0. 0.],[0. 0. 0. 0. 0. 0. 0. 0. 0. 0. 0. 0.],[0. 0. 0. 0. 0. 0. 0. 0. 0. 0. 0. 0.],[0. 0. 0. 0. 0. 0. 0. 0. 0. 0. 0. 0.],0.3,0.3,0.3,0.3,0.3,0.3,0.3,0.3,0.01,0.01,0.01,0.01,0.01,0.01,0.01,0.01,,,,,,,,
37,2,6.833333333333333,-43.75,2.25,3.0833333333333335,0.0,-39.25,2.6666666666666665,2.0,-0.5,-0.5,-0.5,-0.5,-0.5,-0.5,-0.5,-0.5,150,150,150,150,150,150,150,150,0.0,1.0,0.0,0.0,0.0,1.0,0.0,0.0,0.15,0.15,0.15,0.15,0.15,0.15,0.15,0.15,[0. 0. 0. 0. 0. 0. 0. 0. 0. 0. 0. 0.],[0. 0. 0. 0. 0. 0. 0. 0. 0. 0. 0. 0.],[0. 0. 0. 0. 0. 0. 0. 0. 0. 0. 0. 0.],[0. 0. 0. 0. 0. 0. 0. 0. 0. 0. 0. 0.],[0. 0. 0. 0. 0. 0. 0. 0. 0. 0. 0. 0.],[0. 0. 0. 0. 0. 0. 0. 0. 0. 0. 0. 0.],[0. 0. 0. 0. 0. 0. 0. 0. 0. 0. 0. 0.],[0. 0. 0. 0. 0. 0. 0. 0. 0. 0. 0. 0.],0.3,0.3,0.3,0.3,0.3,0.3,0.3,0.3,0.01,0.01,0.01,0.01,0.01,0.01,0.01,0.01,,,,,,,,
38,18,1.6908648751012012,0.6805555555555556,1.1697089947089947,0.05802469135802468,-5.083333333333333,0.25,-5.527777777777778,0.05672568172568172,-0.05555555555555555,-0.05555555555555555,-0.05555555555555555,-0.05555555555555555,-0.05555555555555555,-0.05555555555555555,-0.05555555555555555,-0.05555555555555555,247,247,247,247,247,247,247,247,0.0,0.0,0.0,0.0,1.0,0.0,1.0,0.0,0.15,0.15,0.15,0.15,0.15,0.15,0.15,0.15,[0. 0. 0. 0. 0. 0. 0. 0. 0. 0. 0. 0.],[0. 0. 0. 0. 0. 0. 0. 0. 0. 0. 0. 0.],[0. 0. 0. 0. 0. 0. 0. 0. 0. 0. 0. 0.],[0. 0. 0. 0. 0. 0. 0. 0. 0. 0. 0. 0.],[0. 0. 0. 0. 0. 0. 0. 0. 0. 0. 0. 0.],[0. 0. 0. 0. 0. 0. 0. 0. 0. 0. 0. 0.],[0. 0. 0. 0. 0. 0. 0. 0. 0. 0. 0. 0.],[0. 0. 0. 0. 0. 0. 0. 0. 0. 0. 0. 0.],0.3,0.3,0.3,0.3,0.3,0.3,0.3,0.3,0.01,0.01,0.01,0.01,0.01,0.01,0.01,0.01,,,,,,,,
39,1,-100.0,21.0,34.0,4.5,-95.5,5.0,1.0,0.0,-1.0,-1.0,-1.0,-1.0,-1.0,-1.0,-1.0,-1.0,140,140,140,140,140,140,140,140,1.0,0.0,0.0,0.0,1.0,0.0,0.0,0.0,0.15,0.15,0.15,0.15,0.15,0.15,0.15,0.15,[0. 0. 0. 0. 0. 0. 0. 0. 0. 0. 0. 0.],[0. 0. 0. 0. 0. 0. 0. 0. 0. 0. 0. 0.],[0. 0. 0. 0. 0. 0. 0. 0. 0. 0. 0. 0.],[0. 0. 0. 0. 0. 0. 0. 0. 0. 0. 0. 0.],[0. 0. 0. 0. 0. 0. 0. 0. 0. 0. 0. 0.],[0. 0. 0. 0. 0. 0. 0. 0. 0. 0. 0. 0.],[0. 0. 0. 0. 0. 0. 0. 0. 0. 0. 0. 0.],[0. 0. 0. 0. 0. 0. 0. 0. 0. 0. 0. 0.],0.3,0.3,0.3,0.3,0.3,0.3,0.3,0.3,0.01,0.01,0.01,0.01,0.01,0.01,0.01,0.01,,,,,,,,
40,1,25.5,11.0,-100.0,0.0,16.0,0.0,-89.0,3.0,-1.0,-1.0,-1.0,-1.0,-1.0,-1.0,-1.0,-1.0,133,133,133,133,133,133,133,133,0.0,0.0,1.0,0.0,0.0,0.0,1.0,0.0,0.15,0.15,0.15,0.15,0.15,0.15,0.15,0.15,[0. 0. 0. 0. 0. 0. 0. 0. 0. 0. 0. 0.],[0. 0. 0. 0. 0. 0. 0. 0. 0. 0. 0. 0.],[0. 0. 0. 0. 0. 0. 0. 0. 0. 0. 0. 0.],[0. 0. 0. 0. 0. 0. 0. 0. 0. 0. 0. 0.],[0. 0. 0. 0. 0. 0. 0. 0. 0. 0. 0. 0.],[0. 0. 0. 0. 0. 0. 0. 0. 0. 0. 0. 0.],[0. 0. 0. 0. 0. 0. 0. 0. 0. 0. 0. 0.],[0. 0. 0. 0. 0. 0. 0. 0. 0. 0. 0. 0.],0.3,0.3,0.3,0.3,0.3,0.3,0.3,0.3,0.01,0.01,0.01,0.01,0.01,0.01,0.01,0.01,,,,,,,,
41,27,0.6755566107417957,-3.430769230769231,0.31176206509539844,1.217283950617284,0.33127572016460904,-3.475899470899471,0.046296296296296294,0.03497942386831276,-0.037037037037037035,-0.037037037037037035,-0.037037037037037035,-0.037037037037037035,-0.037037037037037035,-0.037037037037037035,-0.037037037037037035,-0.037037037037037035,260,260,260,260,260,260,260,260,0.0,1.0,0.0,0.0,0.0,1.0,0.0,0.0,0.15,0.15,0.15,0.15,0.15,0.15,0.15,0.15,[0. 0. 0. 0. 0. 0. 0. 0. 0. 0. 0. 0.],[0. 0. 0. 0. 0. 0. 0. 0. 0. 0. 0. 0.],[0. 0. 0. 0. 0. 0. 0. 0. 0. 0. 0. 0.],[0. 0. 0. 0. 0. 0. 0. 0. 0. 0. 0. 0.],[0. 0. 0. 0. 0. 0. 0. 0. 0. 0. 0. 0.],[0. 0. 0. 0. 0. 0. 0. 0. 0. 0. 0. 0.],[0. 0. 0. 0. 0. 0. 0. 0. 0. 0. 0. 0.],[0. 0. 0. 0. 0. 0. 0. 0. 0. 0. 0. 0.],0.3,0.3,0.3,0.3,0.3,0.3,0.3,0.3,0.01,0.01,0.01,0.01,0.01,0.01,0.01,0.01,,,,,,,,
42,1,-81.5,26.5,-79.5,3.0,-98.0,0.0,-100.0,0.5,-1.0,-1.0,-1.0,-1.0,-1.0,-1.0,-1.0,-1.0,142,142,142,142,142,142,142,142,1.0,0.0,1.0,0.0,1.0,0.0,1.0,0.0,0.15,0.15,0.15,0.15,0.15,0.15,0.15,0.15,[0. 0. 0. 0. 0. 0. 0. 0. 0. 0. 0. 0.],[0. 0. 0. 0. 0. 0. 0. 0. 0. 0. 0. 0.],[0. 0. 0. 0. 0. 0. 0. 0. 0. 0. 0. 0.],[0. 0. 0. 0. 0. 0. 0. 0. 0. 0. 0. 0.],[0. 0. 0. 0. 0. 0. 0. 0. 0. 0. 0. 0.],[0. 0. 0. 0. 0. 0. 0. 0. 0. 0. 0. 0.],[0. 0. 0. 0. 0. 0. 0. 0. 0. 0. 0. 0.],[0. 0. 0. 0. 0. 0. 0. 0. 0. 0. 0. 0.],0.3,0.3,0.3,0.3,0.3,0.3,0.3,0.3,0.01,0.01,0.01,0.01,0.01,0.01,0.01,0.01,,,,,,,,
43,3,4.555555555555555,10.75,6.944444444444444,-31.833333333333332,0.6666666666666666,0.0,3.0,-32.916666666666664,-0.3333333333333333,-0.3333333333333333,-0.3333333333333333,-0.3333333333333333,-0.3333333333333333,-0.3333333333333333,-0.3333333333333333,-0.3333333333333333,171,171,171,171,171,171,171,171,0.0,0.0,0.0,1.0,0.0,0.0,0.0,1.0,0.15,0.15,0.15,0.15,0.15,0.15,0.15,0.15,[0. 0. 0. 0. 0. 0. 0. 0. 0. 0. 0. 0.],[0. 0. 0. 0. 0. 0. 0. 0. 0. 0. 0. 0.],[0. 0. 0. 0. 0. 0. 0. 0. 0. 0. 0. 0.],[0. 0. 0. 0. 0. 0. 0. 0. 0. 0. 0. 0.],[0. 0. 0. 0. 0. 0. 0. 0. 0. 0. 0. 0.],[0. 0. 0. 0. 0. 0. 0. 0. 0. 0. 0. 0.],[0. 0. 0. 0. 0. 0. 0. 0. 0. 0. 0. 0.],[0. 0. 0. 0. 0. 0. 0. 0. 0. 0. 0. 0.],0.3,0.3,0.3,0.3,0.3,0.3,0.3,0.3,0.01,0.01,0.01,0.01,0.01,0.01,0.01,0.01,,,,,,,,
44,1,18.5,0.0,-66.0,6.0,1.0,3.0,-100.0,0.0,-1.0,-1.0,-1.0,-1.0,-1.0,-1.0,-1.0,-1.0,125,125,125,125,125,125,125,125,0.0,0.0,1.0,0.0,0.0,0.0,1.0,0.0,0.15,0.15,0.15,0.15,0.15,0.15,0.15,0.15,[0. 0. 0. 0. 0. 0. 0. 0. 0. 0. 0. 0.],[0. 0. 0. 0. 0. 0. 0. 0. 0. 0. 0. 0.],[0. 0. 0. 0. 0. 0. 0. 0. 0. 0. 0. 0.],[0. 0. 0. 0. 0. 0. 0. 0. 0. 0. 0. 0.],[0. 0. 0. 0. 0. 0. 0. 0. 0. 0. 0. 0.],[0. 0. 0. 0. 0. 0. 0. 0. 0. 0. 0. 0.],[0. 0. 0. 0. 0. 0. 0. 0. 0. 0. 0. 0.],[0. 0. 0. 0. 0. 0. 0. 0. 0. 0. 0. 0.],0.3,0.3,0.3,0.3,0.3,0.3,0.3,0.3,0.01,0.01,0.01,0.01,0.01,0.01,0.01,0.01,,,,,,,,
45,2,6.333333333333333,17.0,-49.0,0.8333333333333334,0.0,3.25,-43.583333333333336,1.3333333333333335,-0.5,-0.5,-0.5,-0.5,-0.5,-0.5,-0.5,-0.5,150,150,150,150,150,150,150,150,0.0,0.0,1.0,0.0,0.0,0.0,1.0,0.0,0.15,0.15,0.15,0.15,0.15,0.15,0.15,0.15,[0. 0. 0. 0. 0. 0. 0. 0. 0. 0. 0. 0.],[0. 0. 0. 0. 0. 0. 0. 0. 0. 0. 0. 0.],[0. 0. 0. 0. 0. 0. 0. 0. 0. 0. 0. 0.],[0. 0. 0. 0. 0. 0. 0. 0. 0. 0. 0. 0.],[0. 0. 0. 0. 0. 0. 0. 0. 0. 0. 0. 0.],[0. 0. 0. 0. 0. 0. 0. 0. 0. 0. 0. 0.],[0. 0. 0. 0. 0. 0. 0. 0. 0. 0. 0. 0.],[0. 0. 0. 0. 0. 0. 0. 0. 0. 0. 0. 0.],0.3,0.3,0.3,0.3,0.3,0.3,0.3,0.3,0.01,0.01,0.01,0.01,0.01,0.01,0.01,0.01,,,,,,,,
46,12,-7.092663817663817,1.7841880341880343,0.4529130591630591,0.0462962962962963,-5.402152014652015,0.7416666666666667,0.023809523809523808,0.0,3.87485400835673,3.87485400835673,3.87485400835673,3.87485400835673,3.87485400835673,3.87485400835673,3.87485400835673,3.87485400835673,256,256,256,256,256,256,256,256,1.0,0.0,0.0,0.0,1.0,0.0,0.0,0.0,0.15,0.15,0.15,0.15,0.15,0.15,0.15,0.15,[0. 0. 0. 0. 0. 0. 0. 0. 0. 0. 0. 0.],[0. 0. 0. 0. 0. 0. 0. 0. 0. 0. 0. 0.],[0. 0. 0. 0. 0. 0. 0. 0. 0. 0. 0. 0.],[0. 0. 0. 0. 0. 0. 0. 0. 0. 0. 0. 0.],[0. 0. 0. 0. 0. 0. 0. 0. 0. 0. 0. 0.],[0. 0. 0. 0. 0. 0. 0. 0. 0. 0. 0. 0.],[0. 0. 0. 0. 0. 0. 0. 0. 0. 0. 0. 0.],[0. 0. 0. 0. 0. 0. 0. 0. 0. 0. 0. 0.],0.3,0.3,0.3,0.3,0.3,0.3,0.3,0.3,0.01,0.01,0.01,0.01,0.01,0.01,0.01,0.01,,,,,,,,
47,1,11.0,0.0,0.0,-72.0,9.5,0.0,4.5,-100.0,8.933565139770508,8.933565139770508,8.933565139770508,8.933565139770508,8.933565139770508,8.933565139770508,8.933565139770508,8.933565139770508,106,106,106,106,106,106,106,106,0.0,0.0,0.0,1.0,0.0,0.0,0.0,1.0,0.15,0.15,0.15,0.15,0.15,0.15,0.15,0.15,[0. 0. 0. 0. 0. 0. 0. 0. 0. 0. 0. 0.],[0. 0. 0. 0. 0. 0. 0. 0. 0. 0. 0. 0.],[0. 0. 0. 0. 0. 0. 0. 0. 0. 0. 0. 0.],[0. 0. 0. 0. 0. 0. 0. 0. 0. 0. 0. 0.],[0. 0. 0. 0. 0. 0. 0. 0. 0. 0. 0. 0.],[0. 0. 0. 0. 0. 0. 0. 0. 0. 0. 0. 0.],[0. 0. 0. 0. 0. 0. 0. 0. 0. 0. 0. 0.],[0. 0. 0. 0. 0. 0. 0. 0. 0. 0. 0. 0.],0.3,0.3,0.3,0.3,0.3,0.3,0.3,0.3,0.01,0.01,0.01,0.01,0.01,0.01,0.01,0.01,,,,,,,,
48,2,6.833333333333333,16.25,3.25,-41.833333333333336,0.16666666666666666,0.0,1.25,-49.833333333333336,8.74514627456665,8.74514627456665,8.74514627456665,8.74514627456665,8.74514627456665,8.74514627456665,8.74514627456665,8.74514627456665,149,149,149,149,149,149,149,149,0.0,0.0,0.0,1.0,0.0,0.0,0.0,1.0,0.15,0.15,0.15,0.15,0.15,0.15,0.15,0.15,[0. 0. 0. 0. 0. 0. 0. 0. 0. 0. 0. 0.],[0. 0. 0. 0. 0. 0. 0. 0. 0. 0. 0. 0.],[0. 0. 0. 0. 0. 0. 0. 0. 0. 0. 0. 0.],[0. 0. 0. 0. 0. 0. 0. 0. 0. 0. 0. 0.],[0. 0. 0. 0. 0. 0. 0. 0. 0. 0. 0. 0.],[0. 0. 0. 0. 0. 0. 0. 0. 0. 0. 0. 0.],[0. 0. 0. 0. 0. 0. 0. 0. 0. 0. 0. 0.],[0. 0. 0. 0. 0. 0. 0. 0. 0. 0. 0. 0.],0.3,0.3,0.3,0.3,0.3,0.3,0.3,0.3,0.01,0.01,0.01,0.01,0.01,0.01,0.01,0.01,,,,,,,,
49,1,0.0,32.0,0.0,-100.0,11.0,6.0,5.0,-100.0,9.70188045501709,9.70188045501709,9.70188045501709,9.70188045501709,9.70188045501709,9.70188045501709,9.70188045501709,9.70188045501709,108,108,108,108,108,108,108,108,0.0,0.0,0.0,1.0,0.0,0.0,0.0,1.0,0.15,0.15,0.15,0.15,0.15,0.15,0.15,0.15,[0. 0. 0. 0. 0. 0. 0. 0. 0. 0. 0. 0.],[0. 0. 0. 0. 0. 0. 0. 0. 0. 0. 0. 0.],[0. 0. 0. 0. 0. 0. 0. 0. 0. 0. 0. 0.],[0. 0. 0. 0. 0. 0. 0. 0. 0. 0. 0. 0.],[0. 0. 0. 0. 0. 0. 0. 0. 0. 0. 0. 0.],[0. 0. 0. 0. 0. 0. 0. 0. 0. 0. 0. 0.],[0. 0. 0. 0. 0. 0. 0. 0. 0. 0. 0. 0.],[0. 0. 0. 0. 0. 0. 0. 0. 0. 0. 0. 0.],0.3,0.3,0.3,0.3,0.3,0.3,0.3,0.3,0.01,0.01,0.01,0.01,0.01,0.01,0.01,0.01,,,,,,,,
50,2,6.833333333333333,3.25,16.25,-47.0,1.1666666666666667,5.0,1.0,-47.75,8.059631586074829,8.059631586074829,8.059631586074829,8.059631586074829,8.059631586074829,8.059631586074829,8.059631586074829,8.059631586074829,159,159,159,159,159,159,159,159,0.0,0.0,0.0,1.0,0.0,0.0,0.0,1.0,0.15,0.15,0.15,0.15,0.15,0.15,0.15,0.15,[0. 0. 0. 0. 0. 0. 0. 0. 0. 0. 0. 0.],[0. 0. 0. 0. 0. 0. 0. 0. 0. 0. 0. 0.],[0. 0. 0. 0. 0. 0. 0. 0. 0. 0. 0. 0.],[0. 0. 0. 0. 0. 0. 0. 0. 0. 0. 0. 0.],[0. 0. 0. 0. 0. 0. 0. 0. 0. 0. 0. 0.],[0. 0. 0. 0. 0. 0. 0. 0. 0. 0. 0. 0.],[0. 0. 0. 0. 0. 0. 0. 0. 0. 0. 0. 0.],[0. 0. 0. 0. 0. 0. 0. 0. 0. 0. 0. 0.],0.3,0.3,0.3,0.3,0.3,0.3,0.3,0.3,0.01,0.01,0.01,0.01,0.01,0.01,0.01,0.01,,,,,,,,
51,10,-8.170833333333334,0.19527777777777777,0.15,1.0535714285714286,-6.9,1.125,0.13333333333333333,0.75,8.06315860748291,8.06315860748291,8.06315860748291,8.06315860748291,8.06315860748291,8.06315860748291,8.06315860748291,8.06315860748291,197,197,197,197,197,197,197,197,1.0,0.0,0.0,0.0,1.0,0.0,0.0,0.0,0.15,0.15,0.15,0.15,0.15,0.15,0.15,0.15,[0. 0. 0. 0. 0. 0. 0. 0. 0. 0. 0. 0.],[0. 0. 0. 0. 0. 0. 0. 0. 0. 0. 0. 0.],[0. 0. 0. 0. 0. 0. 0. 0. 0. 0. 0. 0.],[0. 0. 0. 0. 0. 0. 0. 0. 0. 0. 0. 0.],[0. 0. 0. 0. 0. 0. 0. 0. 0. 0. 0. 0.],[0. 0. 0. 0. 0. 0. 0. 0. 0. 0. 0. 0.],[0. 0. 0. 0. 0. 0. 0. 0. 0. 0. 0. 0.],[0. 0. 0. 0. 0. 0. 0. 0. 0. 0. 0. 0.],0.3,0.3,0.3,0.3,0.3,0.3,0.3,0.3,0.01,0.01,0.01,0.01,0.01,0.01,0.01,0.01,,,,,,,,
52,36,1.011574074074074,0.3385812489979157,-2.509259259259259,0.0636574074074074,-2.41494708994709,0.007154882154882154,0.0625,0.125,7.514007780287001,7.514007780287001,7.514007780287001,7.514007780287001,7.514007780287001,7.514007780287001,7.514007780287001,7.514007780287001,208,208,208,208,208,208,208,208,0.0,0.0,1.0,0.0,1.0,0.0,0.0,0.0,0.15,0.15,0.15,0.15,0.15,0.15,0.15,0.15,[0. 0. 0. 0. 0. 0. 0. 0. 0. 0. 0. 0.],[0. 0. 0. 0. 0. 0. 0. 0. 0. 0. 0. 0.],[0. 0. 0. 0. 0. 0. 0. 0. 0. 0. 0. 0.],[0. 0. 0. 0. 0. 0. 0. 0. 0. 0. 0. 0.],[0. 0. 0. 0. 0. 0. 0. 0. 0. 0. 0. 0.],[0. 0. 0. 0. 0. 0. 0. 0. 0. 0. 0. 0.],[0. 0. 0. 0. 0. 0. 0. 0. 0. 0. 0. 0.],[0. 0. 0. 0. 0. 0. 0. 0. 0. 0. 0. 0.],0.3,0.3,0.3,0.3,0.3,0.3,0.3,0.3,0.01,0.01,0.01,0.01,0.01,0.01,0.01,0.01,,,,,,,,
53,13,2.4857142857142858,-6.958485958485958,0.019230769230769232,1.205128205128205,0.3076923076923077,-7.4423076923076925,0.08653846153846154,0.8205128205128205,6.120255470275879,6.120255470275879,6.120255470275879,6.120255470275879,6.120255470275879,6.120255470275879,6.120255470275879,6.120255470275879,189,189,189,189,189,189,189,189,0.0,1.0,0.0,0.0,0.0,1.0,0.0,0.0,0.15,0.15,0.15,0.15,0.15,0.15,0.15,0.15,[0. 0. 0. 0. 0. 0. 0. 0. 0. 0. 0. 0.],[0. 0. 0. 0. 0. 0. 0. 0. 0. 0. 0. 0.],[0. 0. 0. 0. 0. 0. 0. 0. 0. 0. 0. 0.],[0. 0. 0. 0. 0. 0. 0. 0. 0. 0. 0. 0.],[0. 0. 0. 0. 0. 0. 0. 0. 0. 0. 0. 0.],[0. 0. 0. 0. 0. 0. 0. 0. 0. 0. 0. 0.],[0. 0. 0. 0. 0. 0. 0. 0. 0. 0. 0. 0.],[0. 0. 0. 0. 0. 0. 0. 0. 0. 0. 0. 0.],0.3,0.3,0.3,0.3,0.3,0.3,0.3,0.3,0.01,0.01,0.01,0.01,0.01,0.01,0.01,0.01,,,,,,,,
54,1,11.0,-87.0,0.0,29.0,0.0,-92.5,7.0,0.5,7.123737812042236,7.123737812042236,7.123737812042236,7.123737812042236,7.123737812042236,7.123737812042236,7.123737812042236,7.123737812042236,136,136,136,136,136,136,136,136,0.0,1.0,0.0,0.0,0.0,1.0,0.0,0.0,0.15,0.15,0.15,0.15,0.15,0.15,0.15,0.15,[0. 0. 0. 0. 0. 0. 0. 0. 0. 0. 0. 0.],[0. 0. 0. 0. 0. 0. 0. 0. 0. 0. 0. 0.],[0. 0. 0. 0. 0. 0. 0. 0. 0. 0. 0. 0.],[0. 0. 0. 0. 0. 0. 0. 0. 0. 0. 0. 0.],[0. 0. 0. 0. 0. 0. 0. 0. 0. 0. 0. 0.],[0. 0. 0. 0. 0. 0. 0. 0. 0. 0. 0. 0.],[0. 0. 0. 0. 0. 0. 0. 0. 0. 0. 0. 0.],[0. 0. 0. 0. 0. 0. 0. 0. 0. 0. 0. 0.],0.3,0.3,0.3,0.3,0.3,0.3,0.3,0.3,0.01,0.01,0.01,0.01,0.01,0.01,0.01,0.01,,,,,,,,
55,1,35.5,17.0,5.5,-100.0,0.0,3.0,1.0,-99.5,7.812633991241455,7.812633991241455,7.812633991241455,7.812633991241455,7.812633991241455,7.812633991241455,7.812633991241455,7.812633991241455,125,125,125,125,125,125,125,125,0.0,0.0,0.0,1.0,0.0,0.0,0.0,1.0,0.15,0.15,0.15,0.15,0.15,0.15,0.15,0.15,[0. 0. 0. 0. 0. 0. 0. 0. 0. 0. 0. 0.],[0. 0. 0. 0. 0. 0. 0. 0. 0. 0. 0. 0.],[0. 0. 0. 0. 0. 0. 0. 0. 0. 0. 0. 0.],[0. 0. 0. 0. 0. 0. 0. 0. 0. 0. 0. 0.],[0. 0. 0. 0. 0. 0. 0. 0. 0. 0. 0. 0.],[0. 0. 0. 0. 0. 0. 0. 0. 0. 0. 0. 0.],[0. 0. 0. 0. 0. 0. 0. 0. 0. 0. 0. 0.],[0. 0. 0. 0. 0. 0. 0. 0. 0. 0. 0. 0.],0.3,0.3,0.3,0.3,0.3,0.3,0.3,0.3,0.01,0.01,0.01,0.01,0.01,0.01,0.01,0.01,,,,,,,,
56,6,-16.61111111111111,4.583333333333333,-14.222222222222221,2.4916666666666667,-15.888888888888888,0.25,-16.041666666666668,2.0,7.733065843582153,7.733065843582153,7.733065843582153,7.733065843582153,7.733065843582153,7.733065843582153,7.733065843582153,7.733065843582153,181,181,181,181,181,181,181,181,1.0,0.0,1.0,0.0,1.0,0.0,1.0,0.0,0.15,0.15,0.15,0.15,0.15,0.15,0.15,0.15,[0. 0. 0. 0. 0. 0. 0. 0. 0. 0. 0. 0.],[0. 0. 0. 0. 0. 0. 0. 0. 0. 0. 0. 0.],[0. 0. 0. 0. 0. 0. 0. 0. 0. 0. 0. 0.],[0. 0. 0. 0. 0. 0. 0. 0. 0. 0. 0. 0.],[0. 0. 0. 0. 0. 0. 0. 0. 0. 0. 0. 0.],[0. 0. 0. 0. 0. 0. 0. 0. 0. 0. 0. 0.],[0. 0. 0. 0. 0. 0. 0. 0. 0. 0. 0. 0.],[0. 0. 0. 0. 0. 0. 0. 0. 0. 0. 0. 0.],0.3,0.3,0.3,0.3,0.3,0.3,0.3,0.3,0.01,0.01,0.01,0.01,0.01,0.01,0.01,0.01,,,,,,,,
57,3,8.944444444444445,10.5,0.1111111111111111,-32.166666666666664,0.0,2.0,0.3333333333333333,-33.166666666666664,5.09231694539388,5.09231694539388,5.09231694539388,5.09231694539388,5.09231694539388,5.09231694539388,5.09231694539388,5.09231694539388,148,148,148,148,148,148,148,148,0.0,0.0,0.0,1.0,0.0,0.0,0.0,1.0,0.15,0.15,0.15,0.15,0.15,0.15,0.15,0.15,[0. 0. 0. 0. 0. 0. 0. 0. 0. 0. 0. 0.],[0. 0. 0. 0. 0. 0. 0. 0. 0. 0. 0. 0.],[0. 0. 0. 0. 0. 0. 0. 0. 0. 0. 0. 0.],[0. 0. 0. 0. 0. 0. 0. 0. 0. 0. 0. 0.],[0. 0. 0. 0. 0. 0. 0. 0. 0. 0. 0. 0.],[0. 0. 0. 0. 0. 0. 0. 0. 0. 0. 0. 0.],[0. 0. 0. 0. 0. 0. 0. 0. 0. 0. 0. 0.],[0. 0. 0. 0. 0. 0. 0. 0. 0. 0. 0. 0.],0.3,0.3,0.3,0.3,0.3,0.3,0.3,0.3,0.01,0.01,0.01,0.01,0.01,0.01,0.01,0.01,,,,,,,,
58,5,6.633333333333333,1.8199999999999998,0.7666666666666667,-20.0,1.8,1.1800000000000002,0.4,-16.6,5.992793273925781,5.992793273925781,5.992793273925781,5.992793273925781,5.992793273925781,5.992793273925781,5.992793273925781,5.992793273925781,196,196,196,196,196,196,196,196,0.0,0.0,0.0,1.0,0.0,0.0,0.0,1.0,0.15,0.15,0.15,0.15,0.15,0.15,0.15,0.15,[0. 0. 0. 0. 0. 0. 0. 0. 0. 0. 0. 0.],[0. 0. 0. 0. 0. 0. 0. 0. 0. 0. 0. 0.],[0. 0. 0. 0. 0. 0. 0. 0. 0. 0. 0. 0.],[0. 0. 0. 0. 0. 0. 0. 0. 0. 0. 0. 0.],[0. 0. 0. 0. 0. 0. 0. 0. 0. 0. 0. 0.],[0. 0. 0. 0. 0. 0. 0. 0. 0. 0. 0. 0.],[0. 0. 0. 0. 0. 0. 0. 0. 0. 0. 0. 0.],[0. 0. 0. 0. 0. 0. 0. 0. 0. 0. 0. 0.],0.3,0.3,0.3,0.3,0.3,0.3,0.3,0.3,0.01,0.01,0.01,0.01,0.01,0.01,0.01,0.01,,,,,,,,
59,5,7.05,1.54,0.06666666666666667,-17.85,0.0,0.64,1.7966666666666669,-19.7,6.018131160736084,6.018131160736084,6.018131160736084,6.018131160736084,6.018131160736084,6.018131160736084,6.018131160736084,6.018131160736084,160,160,160,160,160,160,160,160,0.0,0.0,0.0,1.0,0.0,0.0,0.0,1.0,0.15,0.15,0.15,0.15,0.15,0.15,0.15,0.15,[0. 0. 0. 0. 0. 0. 0. 0. 0. 0. 0. 0.],[0. 0. 0. 0. 0. 0. 0. 0. 0. 0. 0. 0.],[0. 0. 0. 0. 0. 0. 0. 0. 0. 0. 0. 0.],[0. 0. 0. 0. 0. 0. 0. 0. 0. 0. 0. 0.],[0. 0. 0. 0. 0. 0. 0. 0. 0. 0. 0. 0.],[0. 0. 0. 0. 0. 0. 0. 0. 0. 0. 0. 0.],[0. 0. 0. 0. 0. 0. 0. 0. 0. 0. 0. 0.],[0. 0. 0. 0. 0. 0. 0. 0. 0. 0. 0. 0.],0.3,0.3,0.3,0.3,0.3,0.3,0.3,0.3,0.01,0.01,0.01,0.01,0.01,0.01,0.01,0.01,,,,,,,,
60,2,-37.25,1.6666666666666667,6.0,10.916666666666666,-48.0,1.9166666666666665,0.3333333333333333,0.0,6.841064929962158,6.841064929962158,6.841064929962158,6.841064929962158,6.841064929962158,6.841064929962158,6.841064929962158,6.841064929962158,152,152,152,152,152,152,152,152,1.0,0.0,0.0,0.0,1.0,0.0,0.0,0.0,0.15,0.15,0.15,0.15,0.15,0.15,0.15,0.15,[0. 0. 0. 0. 0. 0. 0. 0. 0. 0. 0. 0.],[0. 0. 0. 0. 0. 0. 0. 0. 0. 0. 0. 0.],[0. 0. 0. 0. 0. 0. 0. 0. 0. 0. 0. 0.],[0. 0. 0. 0. 0. 0. 0. 0. 0. 0. 0. 0.],[0. 0. 0. 0. 0. 0. 0. 0. 0. 0. 0. 0.],[0. 0. 0. 0. 0. 0. 0. 0. 0. 0. 0. 0.],[0. 0. 0. 0. 0. 0. 0. 0. 0. 0. 0. 0.],[0. 0. 0. 0. 0. 0. 0. 0. 0. 0. 0. 0.],0.3,0.3,0.3,0.3,0.3,0.3,0.3,0.3,0.01,0.01,0.01,0.01,0.01,0.01,0.01,0.01,,,,,,,,
61,6,2.0833333333333335,2.1666666666666665,0.5527777777777778,-12.333333333333334,1.1686507936507937,0.1111111111111111,0.2777777777777778,-14.958333333333334,6.750252962112427,6.750252962112427,6.750252962112427,6.750252962112427,6.750252962112427,6.750252962112427,6.750252962112427,6.750252962112427,174,174,174,174,174,174,174,174,0.0,0.0,0.0,1.0,0.0,0.0,0.0,1.0,0.15,0.15,0.15,0.15,0.15,0.15,0.15,0.15,[0. 0. 0. 0. 0. 0. 0. 0. 0. 0. 0. 0.],[0. 0. 0. 0. 0. 0. 0. 0. 0. 0. 0. 0.],[0. 0. 0. 0. 0. 0. 0. 0. 0. 0. 0. 0.],[0. 0. 0. 0. 0. 0. 0. 0. 0. 0. 0. 0.],[0. 0. 0. 0. 0. 0. 0. 0. 0. 0. 0. 0.],[0. 0. 0. 0. 0. 0. 0. 0. 0. 0. 0. 0.],[0. 0. 0. 0. 0. 0. 0. 0. 0. 0. 0. 0.],[0. 0. 0. 0. 0. 0. 0. 0. 0. 0. 0. 0.],0.3,0.3,0.3,0.3,0.3,0.3,0.3,0.3,0.01,0.01,0.01,0.01,0.01,0.01,0.01,0.01,,,,,,,,
62,1,32.5,14.5,-92.5,0.0,10.5,0.5,-100.0,1.0,7.414694309234619,7.414694309234619,7.414694309234619,7.414694309234619,7.414694309234619,7.414694309234619,7.414694309234619,7.414694309234619,133,133,133,133,133,133,133,133,0.0,0.0,1.0,0.0,0.0,0.0,1.0,0.0,0.15,0.15,0.15,0.15,0.15,0.15,0.15,0.15,[0. 0. 0. 0. 0. 0. 0. 0. 0. 0. 0. 0.],[0. 0. 0. 0. 0. 0. 0. 0. 0. 0. 0. 0.],[0. 0. 0. 0. 0. 0. 0. 0. 0. 0. 0. 0.],[0. 0. 0. 0. 0. 0. 0. 0. 0. 0. 0. 0.],[0. 0. 0. 0. 0. 0. 0. 0. 0. 0. 0. 0.],[0. 0. 0. 0. 0. 0. 0. 0. 0. 0. 0. 0.],[0. 0. 0. 0. 0. 0. 0. 0. 0. 0. 0. 0.],[0. 0. 0. 0. 0. 0. 0. 0. 0. 0. 0. 0.],0.3,0.3,0.3,0.3,0.3,0.3,0.3,0.3,0.01,0.01,0.01,0.01,0.01,0.01,0.01,0.01,,,,,,,,
63,1,0.0,34.0,-98.0,-100.0,6.5,5.0,-100.0,-100.0,6.998737812042236,6.998737812042236,6.998737812042236,6.998737812042236,6.998737812042236,6.998737812042236,6.998737812042236,6.998737812042236,95,95,95,95,95,95,95,95,0.0,0.0,1.0,1.0,0.0,0.0,1.0,1.0,0.15,0.15,0.15,0.15,0.15,0.15,0.15,0.15,[0. 0. 0. 0. 0. 0. 0. 0. 0. 0. 0. 0.],[0. 0. 0. 0. 0. 0. 0. 0. 0. 0. 0. 0.],[0. 0. 0. 0. 0. 0. 0. 0. 0. 0. 0. 0.],[0. 0. 0. 0. 0. 0. 0. 0. 0. 0. 0. 0.],[0. 0. 0. 0. 0. 0. 0. 0. 0. 0. 0. 0.],[0. 0. 0. 0. 0. 0. 0. 0. 0. 0. 0. 0.],[0. 0. 0. 0. 0. 0. 0. 0. 0. 0. 0. 0.],[0. 0. 0. 0. 0. 0. 0. 0. 0. 0. 0. 0.],0.3,0.3,0.3,0.3,0.3,0.3,0.3,0.3,0.01,0.01,0.01,0.01,0.01,0.01,0.01,0.01,,,,,,,,
64,1,0.0,26.0,-100.0,12.0,13.5,13.5,-97.5,1.0,6.8242340087890625,6.8242340087890625,6.8242340087890625,6.8242340087890625,6.8242340087890625,6.8242340087890625,6.8242340087890625,6.8242340087890625,137,137,137,137,137,137,137,137,0.0,0.0,1.0,0.0,0.0,0.0,1.0,0.0,0.15,0.15,0.15,0.15,0.15,0.15,0.15,0.15,[0. 0. 0. 0. 0. 0. 0. 0. 0. 0. 0. 0.],[0. 0. 0. 0. 0. 0. 0. 0. 0. 0. 0. 0.],[0. 0. 0. 0. 0. 0. 0. 0. 0. 0. 0. 0.],[0. 0. 0. 0. 0. 0. 0. 0. 0. 0. 0. 0.],[0. 0. 0. 0. 0. 0. 0. 0. 0. 0. 0. 0.],[0. 0. 0. 0. 0. 0. 0. 0. 0. 0. 0. 0.],[0. 0. 0. 0. 0. 0. 0. 0. 0. 0. 0. 0.],[0. 0. 0. 0. 0. 0. 0. 0. 0. 0. 0. 0.],0.3,0.3,0.3,0.3,0.3,0.3,0.3,0.3,0.01,0.01,0.01,0.01,0.01,0.01,0.01,0.01,,,,,,,,
65,1,13.0,-83.5,0.0,0.0,27.0,-86.0,0.0,0.0,6.479135036468506,6.479135036468506,6.479135036468506,6.479135036468506,6.479135036468506,6.479135036468506,6.479135036468506,6.479135036468506,141,141,141,141,141,141,141,141,0.0,1.0,0.0,0.0,0.0,1.0,0.0,0.0,0.15,0.15,0.15,0.15,0.15,0.15,0.15,0.15,[0. 0. 0. 0. 0. 0. 0. 0. 0. 0. 0. 0.],[0. 0. 0. 0. 0. 0. 0. 0. 0. 0. 0. 0.],[0. 0. 0. 0. 0. 0. 0. 0. 0. 0. 0. 0.],[0. 0. 0. 0. 0. 0. 0. 0. 0. 0. 0. 0.],[0. 0. 0. 0. 0. 0. 0. 0. 0. 0. 0. 0.],[0. 0. 0. 0. 0. 0. 0. 0. 0. 0. 0. 0.],[0. 0. 0. 0. 0. 0. 0. 0. 0. 0. 0. 0.],[0. 0. 0. 0. 0. 0. 0. 0. 0. 0. 0. 0.],0.3,0.3,0.3,0.3,0.3,0.3,0.3,0.3,0.01,0.01,0.01,0.01,0.01,0.01,0.01,0.01,,,,,,,,
66,2,-44.166666666666664,1.0,14.25,0.6666666666666666,-44.0,0.0,4.5,1.1666666666666667,6.2252068519592285,6.2252068519592285,6.2252068519592285,6.2252068519592285,6.2252068519592285,6.2252068519592285,6.2252068519592285,6.2252068519592285,138,138,138,138,138,138,138,138,1.0,0.0,0.0,0.0,1.0,0.0,0.0,0.0,0.15,0.15,0.15,0.15,0.15,0.15,0.15,0.15,[0. 0. 0. 0. 0. 0. 0. 0. 0. 0. 0. 0.],[0. 0. 0. 0. 0. 0. 0. 0. 0. 0. 0. 0.],[0. 0. 0. 0. 0. 0. 0. 0. 0. 0. 0. 0.],[0. 0. 0. 0. 0. 0. 0. 0. 0. 0. 0. 0.],[0. 0. 0. 0. 0. 0. 0. 0. 0. 0. 0. 0.],[0. 0. 0. 0. 0. 0. 0. 0. 0. 0. 0. 0.],[0. 0. 0. 0. 0. 0. 0. 0. 0. 0. 0. 0.],[0. 0. 0. 0. 0. 0. 0. 0. 0. 0. 0. 0.],0.3,0.3,0.3,0.3,0.3,0.3,0.3,0.3,0.01,0.01,0.01,0.01,0.01,0.01,0.01,0.01,,,,,,,,
67,1,-67.5,0.0,10.0,0.0,-89.0,0.0,0.0,0.0,6.418889045715332,6.418889045715332,6.418889045715332,6.418889045715332,6.418889045715332,6.418889045715332,6.418889045715332,6.418889045715332,107,107,107,107,107,107,107,107,1.0,0.0,0.0,0.0,1.0,0.0,0.0,0.0,0.15,0.15,0.15,0.15,0.15,0.15,0.15,0.15,[0. 0. 0. 0. 0. 0. 0. 0. 0. 0. 0. 0.],[0. 0. 0. 0. 0. 0. 0. 0. 0. 0. 0. 0.],[0. 0. 0. 0. 0. 0. 0. 0. 0. 0. 0. 0.],[0. 0. 0. 0. 0. 0. 0. 0. 0. 0. 0. 0.],[0. 0. 0. 0. 0. 0. 0. 0. 0. 0. 0. 0.],[0. 0. 0. 0. 0. 0. 0. 0. 0. 0. 0. 0.],[0. 0. 0. 0. 0. 0. 0. 0. 0. 0. 0. 0.],[0. 0. 0. 0. 0. 0. 0. 0. 0. 0. 0. 0.],0.3,0.3,0.3,0.3,0.3,0.3,0.3,0.3,0.01,0.01,0.01,0.01,0.01,0.01,0.01,0.01,,,,,,,,
68,3,6.833333333333333,10.5,-32.5,0.16666666666666666,0.0,3.1666666666666665,-32.333333333333336,0.16666666666666666,6.955727577209473,6.955727577209473,6.955727577209473,6.955727577209473,6.955727577209473,6.955727577209473,6.955727577209473,6.955727577209473,144,144,144,144,144,144,144,144,0.0,0.0,1.0,0.0,0.0,0.0,1.0,0.0,0.15,0.15,0.15,0.15,0.15,0.15,0.15,0.15,[0. 0. 0. 0. 0. 0. 0. 0. 0. 0. 0. 0.],[0. 0. 0. 0. 0. 0. 0. 0. 0. 0. 0. 0.],[0. 0. 0. 0. 0. 0. 0. 0. 0. 0. 0. 0.],[0. 0. 0. 0. 0. 0. 0. 0. 0. 0. 0. 0.],[0. 0. 0. 0. 0. 0. 0. 0. 0. 0. 0. 0.],[0. 0. 0. 0. 0. 0. 0. 0. 0. 0. 0. 0.],[0. 0. 0. 0. 0. 0. 0. 0. 0. 0. 0. 0.],[0. 0. 0. 0. 0. 0. 0. 0. 0. 0. 0. 0.],0.3,0.3,0.3,0.3,0.3,0.3,0.3,0.3,0.01,0.01,0.01,0.01,0.01,0.01,0.01,0.01,,,,,,,,
69,18,1.9956627680311891,1.2808684371184371,0.7935185185185185,0.7564167586226409,-5.541666666666667,0.06481481481481481,0.1388888888888889,-5.555555555555555,6.396862188975017,6.396862188975017,6.396862188975017,6.396862188975017,6.396862188975017,6.396862188975017,6.396862188975017,6.396862188975017,272,272,272,272,272,272,272,272,0.0,0.0,0.0,0.0,1.0,0.0,0.0,1.0,0.15,0.15,0.15,0.15,0.15,0.15,0.15,0.15,[0. 0. 0. 0. 0. 0. 0. 0. 0. 0. 0. 0.],[0. 0. 0. 0. 0. 0. 0. 0. 0. 0. 0. 0.],[0. 0. 0. 0. 0. 0. 0. 0. 0. 0. 0. 0.],[0. 0. 0. 0. 0. 0. 0. 0. 0. 0. 0. 0.],[0. 0. 0. 0. 0. 0. 0. 0. 0. 0. 0. 0.],[0. 0. 0. 0. 0. 0. 0. 0. 0. 0. 0. 0.],[0. 0. 0. 0. 0. 0. 0. 0. 0. 0. 0. 0.],[0. 0. 0. 0. 0. 0. 0. 0. 0. 0. 0. 0.],0.3,0.3,0.3,0.3,0.3,0.3,0.3,0.3,0.01,0.01,0.01,0.01,0.01,0.01,0.01,0.01,,,,,,,,
70,1,0.0,-87.5,4.0,32.0,0.0,-100.0,2.0,14.5,6.205957889556885,6.205957889556885,6.205957889556885,6.205957889556885,6.205957889556885,6.205957889556885,6.205957889556885,6.205957889556885,130,130,130,130,130,130,130,130,0.0,1.0,0.0,0.0,0.0,1.0,0.0,0.0,0.15,0.15,0.15,0.15,0.15,0.15,0.15,0.15,[0. 0. 0. 0. 0. 0. 0. 0. 0. 0. 0. 0.],[0. 0. 0. 0. 0. 0. 0. 0. 0. 0. 0. 0.],[0. 0. 0. 0. 0. 0. 0. 0. 0. 0. 0. 0.],[0. 0. 0. 0. 0. 0. 0. 0. 0. 0. 0. 0.],[0. 0. 0. 0. 0. 0. 0. 0. 0. 0. 0. 0.],[0. 0. 0. 0. 0. 0. 0. 0. 0. 0. 0. 0.],[0. 0. 0. 0. 0. 0. 0. 0. 0. 0. 0. 0.],[0. 0. 0. 0. 0. 0. 0. 0. 0. 0. 0. 0.],0.3,0.3,0.3,0.3,0.3,0.3,0.3,0.3,0.01,0.01,0.01,0.01,0.01,0.01,0.01,0.01,,,,,,,,
71,47,0.08085106382978723,0.32316527906259634,0.2676383899788155,0.06695680206318504,0.5842037395228884,0.0019342359767891683,0.4667722053360351,0.08841607565011819,6.159850085035283,6.159850085035283,6.159850085035283,6.159850085035283,6.159850085035283,6.159850085035283,6.159850085035283,6.159850085035283,279,279,279,279,279,279,279,279,0.0,0.0,0.0,0.0,0.0,0.0,0.0,0.0,0.15,0.15,0.15,0.15,0.15,0.15,0.15,0.15,[0. 0. 0. 0. 0. 0. 0. 0. 0. 0. 0. 0.],[0. 0. 0. 0. 0. 0. 0. 0. 0. 0. 0. 0.],[0. 0. 0. 0. 0. 0. 0. 0. 0. 0. 0. 0.],[0. 0. 0. 0. 0. 0. 0. 0. 0. 0. 0. 0.],[0. 0. 0. 0. 0. 0. 0. 0. 0. 0. 0. 0.],[0. 0. 0. 0. 0. 0. 0. 0. 0. 0. 0. 0.],[0. 0. 0. 0. 0. 0. 0. 0. 0. 0. 0. 0.],[0. 0. 0. 0. 0. 0. 0. 0. 0. 0. 0. 0.],0.3,0.3,0.3,0.3,0.3,0.3,0.3,0.3,0.01,0.01,0.01,0.01,0.01,0.01,0.01,0.01,,,,,,,,
72,1,-100.0,34.0,-100.0,-93.5,-100.0,12.5,-100.0,-100.0,7.803336143493652,7.803336143493652,7.803336143493652,7.803336143493652,7.803336143493652,7.803336143493652,7.803336143493652,7.803336143493652,106,106,106,106,106,106,106,106,1.0,0.0,1.0,1.0,1.0,0.0,1.0,1.0,0.15,0.15,0.15,0.15,0.15,0.15,0.15,0.15,[0. 0. 0. 0. 0. 0. 0. 0. 0. 0. 0. 0.],[0. 0. 0. 0. 0. 0. 0. 0. 0. 0. 0. 0.],[0. 0. 0. 0. 0. 0. 0. 0. 0. 0. 0. 0.],[0. 0. 0. 0. 0. 0. 0. 0. 0. 0. 0. 0.],[0. 0. 0. 0. 0. 0. 0. 0. 0. 0. 0. 0.],[0. 0. 0. 0. 0. 0. 0. 0. 0. 0. 0. 0.],[0. 0. 0. 0. 0. 0. 0. 0. 0. 0. 0. 0.],[0. 0. 0. 0. 0. 0. 0. 0. 0. 0. 0. 0.],0.3,0.3,0.3,0.3,0.3,0.3,0.3,0.3,0.01,0.01,0.01,0.01,0.01,0.01,0.01,0.01,,,,,,,,
73,3,11.027777777777777,6.666666666666667,-29.305555555555557,0.0,1.5,0.0,-32.0,0.0,8.173596700032553,8.173596700032553,8.173596700032553,8.173596700032553,8.173596700032553,8.173596700032553,8.173596700032553,8.173596700032553,163,163,163,163,163,163,163,163,0.0,0.0,1.0,0.0,0.0,0.0,1.0,0.0,0.15,0.15,0.15,0.15,0.15,0.15,0.15,0.15,[0. 0. 0. 0. 0. 0. 0. 0. 0. 0. 0. 0.],[0. 0. 0. 0. 0. 0. 0. 0. 0. 0. 0. 0.],[0. 0. 0. 0. 0. 0. 0. 0. 0. 0. 0. 0.],[0. 0. 0. 0. 0. 0. 0. 0. 0. 0. 0. 0.],[0. 0. 0. 0. 0. 0. 0. 0. 0. 0. 0. 0.],[0. 0. 0. 0. 0. 0. 0. 0. 0. 0. 0. 0.],[0. 0. 0. 0. 0. 0. 0. 0. 0. 0. 0. 0.],[0. 0. 0. 0. 0. 0. 0. 0. 0. 0. 0. 0.],0.3,0.3,0.3,0.3,0.3,0.3,0.3,0.3,0.01,0.01,0.01,0.01,0.01,0.01,0.01,0.01,,,,,,,,
74,1,13.0,34.0,1.5,-84.5,0.0,0.0,0.0,-100.0,9.810802459716797,9.810802459716797,9.810802459716797,9.810802459716797,9.810802459716797,9.810802459716797,9.810802459716797,9.810802459716797,128,128,128,128,128,128,128,128,0.0,0.0,0.0,1.0,0.0,0.0,0.0,1.0,0.15,0.15,0.15,0.15,0.15,0.15,0.15,0.15,[0. 0. 0. 0. 0. 0. 0. 0. 0. 0. 0. 0.],[0. 0. 0. 0. 0. 0. 0. 0. 0. 0. 0. 0.],[0. 0. 0. 0. 0. 0. 0. 0. 0. 0. 0. 0.],[0. 0. 0. 0. 0. 0. 0. 0. 0. 0. 0. 0.],[0. 0. 0. 0. 0. 0. 0. 0. 0. 0. 0. 0.],[0. 0. 0. 0. 0. 0. 0. 0. 0. 0. 0. 0.],[0. 0. 0. 0. 0. 0. 0. 0. 0. 0. 0. 0.],[0. 0. 0. 0. 0. 0. 0. 0. 0. 0. 0. 0.],0.3,0.3,0.3,0.3,0.3,0.3,0.3,0.3,0.01,0.01,0.01,0.01,0.01,0.01,0.01,0.01,,,,,,,,
75,30,1.3903703703703707,0.164583178781636,0.0,0.07349600220567963,0.32380952380952377,0.3638888888888889,0.23738095238095236,0.07833333333333334,8.308086093266805,8.308086093266805,8.308086093266805,8.308086093266805,8.308086093266805,8.308086093266805,8.308086093266805,8.308086093266805,271,271,271,271,271,271,271,271,0.0,0.0,0.0,0.0,0.0,0.0,0.0,0.0,0.15,0.15,0.15,0.15,0.15,0.15,0.15,0.15,[0. 0. 0. 0. 0. 0. 0. 0. 0. 0. 0. 0.],[0. 0. 0. 0. 0. 0. 0. 0. 0. 0. 0. 0.],[0. 0. 0. 0. 0. 0. 0. 0. 0. 0. 0. 0.],[0. 0. 0. 0. 0. 0. 0. 0. 0. 0. 0. 0.],[0. 0. 0. 0. 0. 0. 0. 0. 0. 0. 0. 0.],[0. 0. 0. 0. 0. 0. 0. 0. 0. 0. 0. 0.],[0. 0. 0. 0. 0. 0. 0. 0. 0. 0. 0. 0.],[0. 0. 0. 0. 0. 0. 0. 0. 0. 0. 0. 0.],0.3,0.3,0.3,0.3,0.3,0.3,0.3,0.3,0.01,0.01,0.01,0.01,0.01,0.01,0.01,0.01,,,,,,,,
76,1,11.0,-97.0,4.5,28.0,0.0,-94.0,0.0,0.0,7.585692882537842,7.585692882537842,7.585692882537842,7.585692882537842,7.585692882537842,7.585692882537842,7.585692882537842,7.585692882537842,105,105,105,105,105,105,105,105,0.0,1.0,0.0,0.0,0.0,1.0,0.0,0.0,0.15,0.15,0.15,0.15,0.15,0.15,0.15,0.15,[0. 0. 0. 0. 0. 0. 0. 0. 0. 0. 0. 0.],[0. 0. 0. 0. 0. 0. 0. 0. 0. 0. 0. 0.],[0. 0. 0. 0. 0. 0. 0. 0. 0. 0. 0. 0.],[0. 0. 0. 0. 0. 0. 0. 0. 0. 0. 0. 0.],[0. 0. 0. 0. 0. 0. 0. 0. 0. 0. 0. 0.],[0. 0. 0. 0. 0. 0. 0. 0. 0. 0. 0. 0.],[0. 0. 0. 0. 0. 0. 0. 0. 0. 0. 0. 0.],[0. 0. 0. 0. 0. 0. 0. 0. 0. 0. 0. 0.],0.3,0.3,0.3,0.3,0.3,0.3,0.3,0.3,0.01,0.01,0.01,0.01,0.01,0.01,0.01,0.01,,,,,,,,
77,1,13.0,-66.0,-92.0,-99.5,5.0,-93.0,-94.5,-100.0,10.198125839233398,10.198125839233398,10.198125839233398,10.198125839233398,10.198125839233398,10.198125839233398,10.198125839233398,10.198125839233398,146,146,146,146,146,146,146,146,0.0,1.0,1.0,1.0,0.0,1.0,1.0,1.0,0.15,0.15,0.15,0.15,0.15,0.15,0.15,0.15,[0. 0. 0. 0. 0. 0. 0. 0. 0. 0. 0. 0.],[0. 0. 0. 0. 0. 0. 0. 0. 0. 0. 0. 0.],[0. 0. 0. 0. 0. 0. 0. 0. 0. 0. 0. 0.],[0. 0. 0. 0. 0. 0. 0. 0. 0. 0. 0. 0.],[0. 0. 0. 0. 0. 0. 0. 0. 0. 0. 0. 0.],[0. 0. 0. 0. 0. 0. 0. 0. 0. 0. 0. 0.],[0. 0. 0. 0. 0. 0. 0. 0. 0. 0. 0. 0.],[0. 0. 0. 0. 0. 0. 0. 0. 0. 0. 0. 0.],0.3,0.3,0.3,0.3,0.3,0.3,0.3,0.3,0.01,0.01,0.01,0.01,0.01,0.01,0.01,0.01,,,,,,,,
78,2,6.833333333333333,17.0,-43.0,0.25,4.0,0.0,-45.5,0.8333333333333333,9.352312564849854,9.352312564849854,9.352312564849854,9.352312564849854,9.352312564849854,9.352312564849854,9.352312564849854,9.352312564849854,164,164,164,164,164,164,164,164,0.0,0.0,1.0,0.0,0.0,0.0,1.0,0.0,0.15,0.15,0.15,0.15,0.15,0.15,0.15,0.15,[0. 0. 0. 0. 0. 0. 0. 0. 0. 0. 0. 0.],[0. 0. 0. 0. 0. 0. 0. 0. 0. 0. 0. 0.],[0. 0. 0. 0. 0. 0. 0. 0. 0. 0. 0. 0.],[0. 0. 0. 0. 0. 0. 0. 0. 0. 0. 0. 0.],[0. 0. 0. 0. 0. 0. 0. 0. 0. 0. 0. 0.],[0. 0. 0. 0. 0. 0. 0. 0. 0. 0. 0. 0.],[0. 0. 0. 0. 0. 0. 0. 0. 0. 0. 0. 0.],[0. 0. 0. 0. 0. 0. 0. 0. 0. 0. 0. 0.],0.3,0.3,0.3,0.3,0.3,0.3,0.3,0.3,0.01,0.01,0.01,0.01,0.01,0.01,0.01,0.01,,,,,,,,
79,1,29.0,6.0,-100.0,0.0,21.5,4.5,-93.5,0.0,11.464587211608887,11.464587211608887,11.464587211608887,11.464587211608887,11.464587211608887,11.464587211608887,11.464587211608887,11.464587211608887,135,135,135,135,135,135,135,135,0.0,0.0,1.0,0.0,0.0,0.0,1.0,0.0,0.15,0.15,0.15,0.15,0.15,0.15,0.15,0.15,[0. 0. 0. 0. 0. 0. 0. 0. 0. 0. 0. 0.],[0. 0. 0. 0. 0. 0. 0. 0. 0. 0. 0. 0.],[0. 0. 0. 0. 0. 0. 0. 0. 0. 0. 0. 0.],[0. 0. 0. 0. 0. 0. 0. 0. 0. 0. 0. 0.],[0. 0. 0. 0. 0. 0. 0. 0. 0. 0. 0. 0.],[0. 0. 0. 0. 0. 0. 0. 0. 0. 0. 0. 0.],[0. 0. 0. 0. 0. 0. 0. 0. 0. 0. 0. 0.],[0. 0. 0. 0. 0. 0. 0. 0. 0. 0. 0. 0.],0.3,0.3,0.3,0.3,0.3,0.3,0.3,0.3,0.01,0.01,0.01,0.01,0.01,0.01,0.01,0.01,,,,,,,,
80,3,-29.166666666666668,2.277777777777778,8.666666666666666,0.5833333333333334,-30.666666666666668,0.2222222222222222,5.0,0.6666666666666666,8.144264062245687,8.144264062245687,8.144264062245687,8.144264062245687,8.144264062245687,8.144264062245687,8.144264062245687,8.144264062245687,161,161,161,161,161,161,161,161,1.0,0.0,0.0,0.0,1.0,0.0,0.0,0.0,0.15,0.15,0.15,0.15,0.15,0.15,0.15,0.15,[0. 0. 0. 0. 0. 0. 0. 0. 0. 0. 0. 0.],[0. 0. 0. 0. 0. 0. 0. 0. 0. 0. 0. 0.],[0. 0. 0. 0. 0. 0. 0. 0. 0. 0. 0. 0.],[0. 0. 0. 0. 0. 0. 0. 0. 0. 0. 0. 0.],[0. 0. 0. 0. 0. 0. 0. 0. 0. 0. 0. 0.],[0. 0. 0. 0. 0. 0. 0. 0. 0. 0. 0. 0.],[0. 0. 0. 0. 0. 0. 0. 0. 0. 0. 0. 0.],[0. 0. 0. 0. 0. 0. 0. 0. 0. 0. 0. 0.],0.3,0.3,0.3,0.3,0.3,0.3,0.3,0.3,0.01,0.01,0.01,0.01,0.01,0.01,0.01,0.01,,,,,,,,
81,1,11.0,5.0,-97.5,3.5,0.0,17.0,-79.5,0.0,8.222846984863281,8.222846984863281,8.222846984863281,8.222846984863281,8.222846984863281,8.222846984863281,8.222846984863281,8.222846984863281,119,119,119,119,119,119,119,119,0.0,0.0,1.0,0.0,0.0,0.0,1.0,0.0,0.15,0.15,0.15,0.15,0.15,0.15,0.15,0.15,[0. 0. 0. 0. 0. 0. 0. 0. 0. 0. 0. 0.],[0. 0. 0. 0. 0. 0. 0. 0. 0. 0. 0. 0.],[0. 0. 0. 0. 0. 0. 0. 0. 0. 0. 0. 0.],[0. 0. 0. 0. 0. 0. 0. 0. 0. 0. 0. 0.],[0. 0. 0. 0. 0. 0. 0. 0. 0. 0. 0. 0.],[0. 0. 0. 0. 0. 0. 0. 0. 0. 0. 0. 0.],[0. 0. 0. 0. 0. 0. 0. 0. 0. 0. 0. 0.],[0. 0. 0. 0. 0. 0. 0. 0. 0. 0. 0. 0.],0.3,0.3,0.3,0.3,0.3,0.3,0.3,0.3,0.01,0.01,0.01,0.01,0.01,0.01,0.01,0.01,,,,,,,,
82,24,0.8972335497793166,-3.494047619047619,0.13678804855275442,-4.166666666666667,0.4579721874129768,0.7847222222222222,0.060476968565203855,0.09454365079365079,8.129826227823893,8.129826227823893,8.129826227823893,8.129826227823893,8.129826227823893,8.129826227823893,8.129826227823893,8.129826227823893,273,273,273,273,273,273,273,273,0.0,1.0,0.0,1.0,0.0,0.0,0.0,0.0,0.15,0.15,0.15,0.15,0.15,0.15,0.15,0.15,[0. 0. 0. 0. 0. 0. 0. 0. 0. 0. 0. 0.],[0. 0. 0. 0. 0. 0. 0. 0. 0. 0. 0. 0.],[0. 0. 0. 0. 0. 0. 0. 0. 0. 0. 0. 0.],[0. 0. 0. 0. 0. 0. 0. 0. 0. 0. 0. 0.],[0. 0. 0. 0. 0. 0. 0. 0. 0. 0. 0. 0.],[0. 0. 0. 0. 0. 0. 0. 0. 0. 0. 0. 0.],[0. 0. 0. 0. 0. 0. 0. 0. 0. 0. 0. 0.],[0. 0. 0. 0. 0. 0. 0. 0. 0. 0. 0. 0.],0.3,0.3,0.3,0.3,0.3,0.3,0.3,0.3,0.01,0.01,0.01,0.01,0.01,0.01,0.01,0.01,,,,,,,,
83,1,-64.5,11.5,9.0,13.0,-100.0,0.5,0.5,0.0,10.091073036193848,10.091073036193848,10.091073036193848,10.091073036193848,10.091073036193848,10.091073036193848,10.091073036193848,10.091073036193848,140,140,140,140,140,140,140,140,1.0,0.0,0.0,0.0,1.0,0.0,0.0,0.0,0.15,0.15,0.15,0.15,0.15,0.15,0.15,0.15,[0. 0. 0. 0. 0. 0. 0. 0. 0. 0. 0. 0.],[0. 0. 0. 0. 0. 0. 0. 0. 0. 0. 0. 0.],[0. 0. 0. 0. 0. 0. 0. 0. 0. 0. 0. 0.],[0. 0. 0. 0. 0. 0. 0. 0. 0. 0. 0. 0.],[0. 0. 0. 0. 0. 0. 0. 0. 0. 0. 0. 0.],[0. 0. 0. 0. 0. 0. 0. 0. 0. 0. 0. 0.],[0. 0. 0. 0. 0. 0. 0. 0. 0. 0. 0. 0.],[0. 0. 0. 0. 0. 0. 0. 0. 0. 0. 0. 0.],0.3,0.3,0.3,0.3,0.3,0.3,0.3,0.3,0.01,0.01,0.01,0.01,0.01,0.01,0.01,0.01,,,,,,,,
84,51,0.01343621762527748,0.01716019314103876,0.7229476405946995,0.31633478265356824,0.09150326797385622,0.10978615169791639,-1.7908496732026142,-1.7988465974625145,7.962733521180994,7.962733521180994,7.962733521180994,7.962733521180994,7.962733521180994,7.962733521180994,7.962733521180994,7.962733521180994,250,250,250,250,250,250,250,250,0.0,0.0,0.0,0.0,0.0,0.0,1.0,1.0,0.15,0.15,0.15,0.15,0.15,0.15,0.15,0.15,[0. 0. 0. 0. 0. 0. 0. 0. 0. 0. 0. 0.],[0. 0. 0. 0. 0. 0. 0. 0. 0. 0. 0. 0.],[0. 0. 0. 0. 0. 0. 0. 0. 0. 0. 0. 0.],[0. 0. 0. 0. 0. 0. 0. 0. 0. 0. 0. 0.],[0. 0. 0. 0. 0. 0. 0. 0. 0. 0. 0. 0.],[0. 0. 0. 0. 0. 0. 0. 0. 0. 0. 0. 0.],[0. 0. 0. 0. 0. 0. 0. 0. 0. 0. 0. 0.],[0. 0. 0. 0. 0. 0. 0. 0. 0. 0. 0. 0.],0.3,0.3,0.3,0.3,0.3,0.3,0.3,0.3,0.01,0.01,0.01,0.01,0.01,0.01,0.01,0.01,,,,,,,,
85,31,1.0483870967741935,0.4741707022599323,0.15891544958563864,0.13340195218526216,0.5449413489736071,0.028225806451612902,0.3763440860215054,0.06745475188672945,8.01613292386455,8.01613292386455,8.01613292386455,8.01613292386455,8.01613292386455,8.01613292386455,8.01613292386455,8.01613292386455,281,281,281,281,281,281,281,281,0.0,0.0,0.0,0.0,0.0,0.0,0.0,0.0,0.15,0.15,0.15,0.15,0.15,0.15,0.15,0.15,[0. 0. 0. 0. 0. 0. 0. 0. 0. 0. 0. 0.],[0. 0. 0. 0. 0. 0. 0. 0. 0. 0. 0. 0.],[0. 0. 0. 0. 0. 0. 0. 0. 0. 0. 0. 0.],[0. 0. 0. 0. 0. 0. 0. 0. 0. 0. 0. 0.],[0. 0. 0. 0. 0. 0. 0. 0. 0. 0. 0. 0.],[0. 0. 0. 0. 0. 0. 0. 0. 0. 0. 0. 0.],[0. 0. 0. 0. 0. 0. 0. 0. 0. 0. 0. 0.],[0. 0. 0. 0. 0. 0. 0. 0. 0. 0. 0. 0.],0.3,0.3,0.3,0.3,0.3,0.3,0.3,0.3,0.01,0.01,0.01,0.01,0.01,0.01,0.01,0.01,,,,,,,,
86,2,12.916666666666666,0.0,4.166666666666667,-48.666666666666664,10.0,6.25,0.0,-47.0,6.649215459823608,6.649215459823608,6.649215459823608,6.649215459823608,6.649215459823608,6.649215459823608,6.649215459823608,6.649215459823608,166,166,166,166,166,166,166,166,0.0,0.0,0.0,1.0,0.0,0.0,0.0,1.0,0.15,0.15,0.15,0.15,0.15,0.15,0.15,0.15,[0. 0. 0. 0. 0. 0. 0. 0. 0. 0. 0. 0.],[0. 0. 0. 0. 0. 0. 0. 0. 0. 0. 0. 0.],[0. 0. 0. 0. 0. 0. 0. 0. 0. 0. 0. 0.],[0. 0. 0. 0. 0. 0. 0. 0. 0. 0. 0. 0.],[0. 0. 0. 0. 0. 0. 0. 0. 0. 0. 0. 0.],[0. 0. 0. 0. 0. 0. 0. 0. 0. 0. 0. 0.],[0. 0. 0. 0. 0. 0. 0. 0. 0. 0. 0. 0.],[0. 0. 0. 0. 0. 0. 0. 0. 0. 0. 0. 0.],0.3,0.3,0.3,0.3,0.3,0.3,0.3,0.3,0.01,0.01,0.01,0.01,0.01,0.01,0.01,0.01,,,,,,,,
87,1,0.0,34.0,-87.5,8.0,9.0,0.0,-100.0,2.0,6.345057010650635,6.345057010650635,6.345057010650635,6.345057010650635,6.345057010650635,6.345057010650635,6.345057010650635,6.345057010650635,131,131,131,131,131,131,131,131,0.0,0.0,1.0,0.0,0.0,0.0,1.0,0.0,0.15,0.15,0.15,0.15,0.15,0.15,0.15,0.15,[0. 0. 0. 0. 0. 0. 0. 0. 0. 0. 0. 0.],[0. 0. 0. 0. 0. 0. 0. 0. 0. 0. 0. 0.],[0. 0. 0. 0. 0. 0. 0. 0. 0. 0. 0. 0.],[0. 0. 0. 0. 0. 0. 0. 0. 0. 0. 0. 0.],[0. 0. 0. 0. 0. 0. 0. 0. 0. 0. 0. 0.],[0. 0. 0. 0. 0. 0. 0. 0. 0. 0. 0. 0.],[0. 0. 0. 0. 0. 0. 0. 0. 0. 0. 0. 0.],[0. 0. 0. 0. 0. 0. 0. 0. 0. 0. 0. 0.],0.3,0.3,0.3,0.3,0.3,0.3,0.3,0.3,0.01,0.01,0.01,0.01,0.01,0.01,0.01,0.01,,,,,,,,
88,1,0.0,26.0,-100.0,0.0,0.0,20.0,-98.0,13.5,6.304805755615234,6.304805755615234,6.304805755615234,6.304805755615234,6.304805755615234,6.304805755615234,6.304805755615234,6.304805755615234,123,123,123,123,123,123,123,123,0.0,0.0,1.0,0.0,0.0,0.0,1.0,0.0,0.15,0.15,0.15,0.15,0.15,0.15,0.15,0.15,[0. 0. 0. 0. 0. 0. 0. 0. 0. 0. 0. 0.],[0. 0. 0. 0. 0. 0. 0. 0. 0. 0. 0. 0.],[0. 0. 0. 0. 0. 0. 0. 0. 0. 0. 0. 0.],[0. 0. 0. 0. 0. 0. 0. 0. 0. 0. 0. 0.],[0. 0. 0. 0. 0. 0. 0. 0. 0. 0. 0. 0.],[0. 0. 0. 0. 0. 0. 0. 0. 0. 0. 0. 0.],[0. 0. 0. 0. 0. 0. 0. 0. 0. 0. 0. 0.],[0. 0. 0. 0. 0. 0. 0. 0. 0. 0. 0. 0.],0.3,0.3,0.3,0.3,0.3,0.3,0.3,0.3,0.01,0.01,0.01,0.01,0.01,0.01,0.01,0.01,,,,,,,,
89,6,-14.73015873015873,0.3888888888888889,1.0833333333333333,4.641666666666667,-16.183333333333334,0.1619047619047619,1.888888888888889,1.3865079365079367,6.950526793797811,6.950526793797811,6.950526793797811,6.950526793797811,6.950526793797811,6.950526793797811,6.950526793797811,6.950526793797811,162,162,162,162,162,162,162,162,1.0,0.0,0.0,0.0,1.0,0.0,0.0,0.0,0.15,0.15,0.15,0.15,0.15,0.15,0.15,0.15,[0. 0. 0. 0. 0. 0. 0. 0. 0. 0. 0. 0.],[0. 0. 0. 0. 0. 0. 0. 0. 0. 0. 0. 0.],[0. 0. 0. 0. 0. 0. 0. 0. 0. 0. 0. 0.],[0. 0. 0. 0. 0. 0. 0. 0. 0. 0. 0. 0.],[0. 0. 0. 0. 0. 0. 0. 0. 0. 0. 0. 0.],[0. 0. 0. 0. 0. 0. 0. 0. 0. 0. 0. 0.],[0. 0. 0. 0. 0. 0. 0. 0. 0. 0. 0. 0.],[0. 0. 0. 0. 0. 0. 0. 0. 0. 0. 0. 0.],0.3,0.3,0.3,0.3,0.3,0.3,0.3,0.3,0.01,0.01,0.01,0.01,0.01,0.01,0.01,0.01,,,,,,,,
90,1,11.0,26.0,-100.0,4.0,0.0,0.0,-99.0,0.0,7.321751594543457,7.321751594543457,7.321751594543457,7.321751594543457,7.321751594543457,7.321751594543457,7.321751594543457,7.321751594543457,84,84,84,84,84,84,84,84,0.0,0.0,1.0,0.0,0.0,0.0,1.0,0.0,0.15,0.15,0.15,0.15,0.15,0.15,0.15,0.15,[0. 0. 0. 0. 0. 0. 0. 0. 0. 0. 0. 0.],[0. 0. 0. 0. 0. 0. 0. 0. 0. 0. 0. 0.],[0. 0. 0. 0. 0. 0. 0. 0. 0. 0. 0. 0.],[0. 0. 0. 0. 0. 0. 0. 0. 0. 0. 0. 0.],[0. 0. 0. 0. 0. 0. 0. 0. 0. 0. 0. 0.],[0. 0. 0. 0. 0. 0. 0. 0. 0. 0. 0. 0.],[0. 0. 0. 0. 0. 0. 0. 0. 0. 0. 0. 0.],[0. 0. 0. 0. 0. 0. 0. 0. 0. 0. 0. 0.],0.3,0.3,0.3,0.3,0.3,0.3,0.3,0.3,0.01,0.01,0.01,0.01,0.01,0.01,0.01,0.01,,,,,,,,
91,1,-81.5,0.0,24.5,1.5,-100.0,0.0,14.0,5.5,9.93685531616211,9.93685531616211,9.93685531616211,9.93685531616211,9.93685531616211,9.93685531616211,9.93685531616211,9.93685531616211,128,128,128,128,128,128,128,128,1.0,0.0,0.0,0.0,1.0,0.0,0.0,0.0,0.15,0.15,0.15,0.15,0.15,0.15,0.15,0.15,[0. 0. 0. 0. 0. 0. 0. 0. 0. 0. 0. 0.],[0. 0. 0. 0. 0. 0. 0. 0. 0. 0. 0. 0.],[0. 0. 0. 0. 0. 0. 0. 0. 0. 0. 0. 0.],[0. 0. 0. 0. 0. 0. 0. 0. 0. 0. 0. 0.],[0. 0. 0. 0. 0. 0. 0. 0. 0. 0. 0. 0.],[0. 0. 0. 0. 0. 0. 0. 0. 0. 0. 0. 0.],[0. 0. 0. 0. 0. 0. 0. 0. 0. 0. 0. 0.],[0. 0. 0. 0. 0. 0. 0. 0. 0. 0. 0. 0.],0.3,0.3,0.3,0.3,0.3,0.3,0.3,0.3,0.01,0.01,0.01,0.01,0.01,0.01,0.01,0.01,,,,,,,,
92,3,-24.833333333333332,0.4444444444444444,3.5,2.3333333333333335,-25.166666666666668,1.4166666666666667,0.9166666666666666,0.6666666666666666,7.209035078684489,7.209035078684489,7.209035078684489,7.209035078684489,7.209035078684489,7.209035078684489,7.209035078684489,7.209035078684489,165,165,165,165,165,165,165,165,1.0,0.0,0.0,0.0,1.0,0.0,0.0,0.0,0.15,0.15,0.15,0.15,0.15,0.15,0.15,0.15,[0. 0. 0. 0. 0. 0. 0. 0. 0. 0. 0. 0.],[0. 0. 0. 0. 0. 0. 0. 0. 0. 0. 0. 0.],[0. 0. 0. 0. 0. 0. 0. 0. 0. 0. 0. 0.],[0. 0. 0. 0. 0. 0. 0. 0. 0. 0. 0. 0.],[0. 0. 0. 0. 0. 0. 0. 0. 0. 0. 0. 0.],[0. 0. 0. 0. 0. 0. 0. 0. 0. 0. 0. 0.],[0. 0. 0. 0. 0. 0. 0. 0. 0. 0. 0. 0.],[0. 0. 0. 0. 0. 0. 0. 0. 0. 0. 0. 0.],0.3,0.3,0.3,0.3,0.3,0.3,0.3,0.3,0.01,0.01,0.01,0.01,0.01,0.01,0.01,0.01,,,,,,,,
93,8,-12.5,-12.44375,2.553125,1.101190476190476,-8.0125,-12.116071428571429,0.9010416666666666,1.0625,7.8988447189331055,7.8988447189331055,7.8988447189331055,7.8988447189331055,7.8988447189331055,7.8988447189331055,7.8988447189331055,7.8988447189331055,207,207,207,207,207,207,207,207,1.0,1.0,0.0,0.0,1.0,1.0,0.0,0.0,0.15,0.15,0.15,0.15,0.15,0.15,0.15,0.15,[0. 0. 0. 0. 0. 0. 0. 0. 0. 0. 0. 0.],[0. 0. 0. 0. 0. 0. 0. 0. 0. 0. 0. 0.],[0. 0. 0. 0. 0. 0. 0. 0. 0. 0. 0. 0.],[0. 0. 0. 0. 0. 0. 0. 0. 0. 0. 0. 0.],[0. 0. 0. 0. 0. 0. 0. 0. 0. 0. 0. 0.],[0. 0. 0. 0. 0. 0. 0. 0. 0. 0. 0. 0.],[0. 0. 0. 0. 0. 0. 0. 0. 0. 0. 0. 0.],[0. 0. 0. 0. 0. 0. 0. 0. 0. 0. 0. 0.],0.3,0.3,0.3,0.3,0.3,0.3,0.3,0.3,0.01,0.01,0.01,0.01,0.01,0.01,0.01,0.01,,,,,,,,
94,1,-67.5,8.5,-100.0,5.0,-100.0,6.5,-100.0,0.0,5.600831985473633,5.600831985473633,5.600831985473633,5.600831985473633,5.600831985473633,5.600831985473633,5.600831985473633,5.600831985473633,105,105,105,105,105,105,105,105,1.0,0.0,1.0,0.0,1.0,0.0,1.0,0.0,0.15,0.15,0.15,0.15,0.15,0.15,0.15,0.15,[0. 0. 0. 0. 0. 0. 0. 0. 0. 0. 0. 0.],[0. 0. 0. 0. 0. 0. 0. 0. 0. 0. 0. 0.],[0. 0. 0. 0. 0. 0. 0. 0. 0. 0. 0. 0.],[0. 0. 0. 0. 0. 0. 0. 0. 0. 0. 0. 0.],[0. 0. 0. 0. 0. 0. 0. 0. 0. 0. 0. 0.],[0. 0. 0. 0. 0. 0. 0. 0. 0. 0. 0. 0.],[0. 0. 0. 0. 0. 0. 0. 0. 0. 0. 0. 0.],[0. 0. 0. 0. 0. 0. 0. 0. 0. 0. 0. 0.],0.3,0.3,0.3,0.3,0.3,0.3,0.3,0.3,0.01,0.01,0.01,0.01,0.01,0.01,0.01,0.01,,,,,,,,
95,4,4.333333333333333,1.0625,-17.520833333333332,0.0,2.45,1.4166666666666667,-24.604166666666668,0.4,7.161456108093262,7.161456108093262,7.161456108093262,7.161456108093262,7.161456108093262,7.161456108093262,7.161456108093262,7.161456108093262,170,170,170,170,170,170,170,170,0.0,0.0,1.0,0.0,0.0,0.0,1.0,0.0,0.15,0.15,0.15,0.15,0.15,0.15,0.15,0.15,[0. 0. 0. 0. 0. 0. 0. 0. 0. 0. 0. 0.],[0. 0. 0. 0. 0. 0. 0. 0. 0. 0. 0. 0.],[0. 0. 0. 0. 0. 0. 0. 0. 0. 0. 0. 0.],[0. 0. 0. 0. 0. 0. 0. 0. 0. 0. 0. 0.],[0. 0. 0. 0. 0. 0. 0. 0. 0. 0. 0. 0.],[0. 0. 0. 0. 0. 0. 0. 0. 0. 0. 0. 0.],[0. 0. 0. 0. 0. 0. 0. 0. 0. 0. 0. 0.],[0. 0. 0. 0. 0. 0. 0. 0. 0. 0. 0. 0.],0.3,0.3,0.3,0.3,0.3,0.3,0.3,0.3,0.01,0.01,0.01,0.01,0.01,0.01,0.01,0.01,,,,,,,,
96,1,-89.0,4.5,34.0,4.5,-100.0,2.5,0.0,0.0,5.029325485229492,5.029325485229492,5.029325485229492,5.029325485229492,5.029325485229492,5.029325485229492,5.029325485229492,5.029325485229492,113,113,113,113,113,113,113,113,1.0,0.0,0.0,0.0,1.0,0.0,0.0,0.0,0.15,0.15,0.15,0.15,0.15,0.15,0.15,0.15,[0. 0. 0. 0. 0. 0. 0. 0. 0. 0. 0. 0.],[0. 0. 0. 0. 0. 0. 0. 0. 0. 0. 0. 0.],[0. 0. 0. 0. 0. 0. 0. 0. 0. 0. 0. 0.],[0. 0. 0. 0. 0. 0. 0. 0. 0. 0. 0. 0.],[0. 0. 0. 0. 0. 0. 0. 0. 0. 0. 0. 0.],[0. 0. 0. 0. 0. 0. 0. 0. 0. 0. 0. 0.],[0. 0. 0. 0. 0. 0. 0. 0. 0. 0. 0. 0.],[0. 0. 0. 0. 0. 0. 0. 0. 0. 0. 0. 0.],0.3,0.3,0.3,0.3,0.3,0.3,0.3,0.3,0.01,0.01,0.01,0.01,0.01,0.01,0.01,0.01,,,,,,,,
97,30,0.5611797924297923,1.1144759869759868,0.003508771929824561,0.2555555555555556,-2.8031746031746034,0.006944444444444444,-3.32,0.3722222222222222,7.711646016438802,7.711646016438802,7.711646016438802,7.711646016438802,7.711646016438802,7.711646016438802,7.711646016438802,7.711646016438802,250,250,250,250,250,250,250,250,0.0,0.0,0.0,0.0,1.0,0.0,1.0,0.0,0.15,0.15,0.15,0.15,0.15,0.15,0.15,0.15,[0. 0. 0. 0. 0. 0. 0. 0. 0. 0. 0. 0.],[0. 0. 0. 0. 0. 0. 0. 0. 0. 0. 0. 0.],[0. 0. 0. 0. 0. 0. 0. 0. 0. 0. 0. 0.],[0. 0. 0. 0. 0. 0. 0. 0. 0. 0. 0. 0.],[0. 0. 0. 0. 0. 0. 0. 0. 0. 0. 0. 0.],[0. 0. 0. 0. 0. 0. 0. 0. 0. 0. 0. 0.],[0. 0. 0. 0. 0. 0. 0. 0. 0. 0. 0. 0.],[0. 0. 0. 0. 0. 0. 0. 0. 0. 0. 0. 0.],0.3,0.3,0.3,0.3,0.3,0.3,0.3,0.3,0.01,0.01,0.01,0.01,0.01,0.01,0.01,0.01,,,,,,,,
98,7,0.26700680272108845,5.5,0.11904761904761904,-12.268707482993197,2.4523809523809526,0.07142857142857142,0.03571428571428571,-13.904761904761903,7.409907477242606,7.409907477242606,7.409907477242606,7.409907477242606,7.409907477242606,7.409907477242606,7.409907477242606,7.409907477242606,183,183,183,183,183,183,183,183,0.0,0.0,0.0,1.0,0.0,0.0,0.0,1.0,0.15,0.15,0.15,0.15,0.15,0.15,0.15,0.15,[0. 0. 0. 0. 0. 0. 0. 0. 0. 0. 0. 0.],[0. 0. 0. 0. 0. 0. 0. 0. 0. 0. 0. 0.],[0. 0. 0. 0. 0. 0. 0. 0. 0. 0. 0. 0.],[0. 0. 0. 0. 0. 0. 0. 0. 0. 0. 0. 0.],[0. 0. 0. 0. 0. 0. 0. 0. 0. 0. 0. 0.],[0. 0. 0. 0. 0. 0. 0. 0. 0. 0. 0. 0.],[0. 0. 0. 0. 0. 0. 0. 0. 0. 0. 0. 0.],[0. 0. 0. 0. 0. 0. 0. 0. 0. 0. 0. 0.],0.3,0.3,0.3,0.3,0.3,0.3,0.3,0.3,0.01,0.01,0.01,0.01,0.01,0.01,0.01,0.01,,,,,,,,
99,1,35.5,-88.5,-98.0,0.0,0.0,-100.0,-100.0,5.0,8.184195518493652,8.184195518493652,8.184195518493652,8.184195518493652,8.184195518493652,8.184195518493652,8.184195518493652,8.184195518493652,108,108,108,108,108,108,108,108,0.0,1.0,1.0,0.0,0.0,1.0,1.0,0.0,0.15,0.15,0.15,0.15,0.15,0.15,0.15,0.15,[0. 0. 0. 0. 0. 0. 0. 0. 0. 0. 0. 0.],[0. 0. 0. 0. 0. 0. 0. 0. 0. 0. 0. 0.],[0. 0. 0. 0. 0. 0. 0. 0. 0. 0. 0. 0.],[0. 0. 0. 0. 0. 0. 0. 0. 0. 0. 0. 0.],[0. 0. 0. 0. 0. 0. 0. 0. 0. 0. 0. 0.],[0. 0. 0. 0. 0. 0. 0. 0. 0. 0. 0. 0.],[0. 0. 0. 0. 0. 0. 0. 0. 0. 0. 0. 0.],[0. 0. 0. 0. 0. 0. 0. 0. 0. 0. 0. 0.],0.3,0.3,0.3,0.3,0.3,0.3,0.3,0.3,0.01,0.01,0.01,0.01,0.01,0.01,0.01,0.01,,,,,,,,
100,1,0.0,-100.0,34.5,0.0,10.0,-100.0,0.0,0.0,6.903961658477783,6.903961658477783,6.903961658477783,6.903961658477783,6.903961658477783,6.903961658477783,6.903961658477783,6.903961658477783,89,89,89,89,89,89,89,89,0.0,1.0,0.0,0.0,0.0,1.0,0.0,0.0,0.15,0.15,0.15,0.15,0.15,0.15,0.15,0.15,[0. 0. 0. 0. 0. 0. 0. 0. 0. 0. 0. 0.],[0. 0. 0. 0. 0. 0. 0. 0. 0. 0. 0. 0.],[0. 0. 0. 0. 0. 0. 0. 0. 0. 0. 0. 0.],[0. 0. 0. 0. 0. 0. 0. 0. 0. 0. 0. 0.],[0. 0. 0. 0. 0. 0. 0. 0. 0. 0. 0. 0.],[0. 0. 0. 0. 0. 0. 0. 0. 0. 0. 0. 0.],[0. 0. 0. 0. 0. 0. 0. 0. 0. 0. 0. 0.],[0. 0. 0. 0. 0. 0. 0. 0. 0. 0. 0. 0.],0.3,0.3,0.3,0.3,0.3,0.3,0.3,0.3,0.01,0.01,0.01,0.01,0.01,0.01,0.01,0.01,,,,,,,,
101,21,1.5571428571428574,0.4206349206349206,-4.630461073318216,0.7917920703634989,0.0,1.004833512352309,-4.459807256235828,0.047619047619047616,7.687768981570289,7.687768981570289,7.687768981570289,7.687768981570289,7.687768981570289,7.687768981570289,7.687768981570289,7.687768981570289,268,268,268,268,268,268,268,268,0.0,0.0,1.0,0.0,0.0,0.0,1.0,0.0,0.15,0.15,0.15,0.15,0.15,0.15,0.15,0.15,[0. 0. 0. 0. 0. 0. 0. 0. 0. 0. 0. 0.],[0. 0. 0. 0. 0. 0. 0. 0. 0. 0. 0. 0.],[0. 0. 0. 0. 0. 0. 0. 0. 0. 0. 0. 0.],[0. 0. 0. 0. 0. 0. 0. 0. 0. 0. 0. 0.],[0. 0. 0. 0. 0. 0. 0. 0. 0. 0. 0. 0.],[0. 0. 0. 0. 0. 0. 0. 0. 0. 0. 0. 0.],[0. 0. 0. 0. 0. 0. 0. 0. 0. 0. 0. 0.],[0. 0. 0. 0. 0. 0. 0. 0. 0. 0. 0. 0.],0.3,0.3,0.3,0.3,0.3,0.3,0.3,0.3,0.01,0.01,0.01,0.01,0.01,0.01,0.01,0.01,,,,,,,,
102,22,0.03994490358126721,0.2233405483405483,0.3626388104648975,0.9018595041322314,0.6368881118881119,-4.325126262626262,-4.409090909090909,0.8651195395513578,7.418194142254916,7.418194142254916,7.418194142254916,7.418194142254916,7.418194142254916,7.418194142254916,7.418194142254916,7.418194142254916,251,251,251,251,251,251,251,251,0.0,0.0,0.0,0.0,0.0,1.0,1.0,0.0,0.15,0.15,0.15,0.15,0.15,0.15,0.15,0.15,[0. 0. 0. 0. 0. 0. 0. 0. 0. 0. 0. 0.],[0. 0. 0. 0. 0. 0. 0. 0. 0. 0. 0. 0.],[0. 0. 0. 0. 0. 0. 0. 0. 0. 0. 0. 0.],[0. 0. 0. 0. 0. 0. 0. 0. 0. 0. 0. 0.],[0. 0. 0. 0. 0. 0. 0. 0. 0. 0. 0. 0.],[0. 0. 0. 0. 0. 0. 0. 0. 0. 0. 0. 0.],[0. 0. 0. 0. 0. 0. 0. 0. 0. 0. 0. 0.],[0. 0. 0. 0. 0. 0. 0. 0. 0. 0. 0. 0.],0.3,0.3,0.3,0.3,0.3,0.3,0.3,0.3,0.01,0.01,0.01,0.01,0.01,0.01,0.01,0.01,,,,,,,,
103,23,0.2055383022774327,0.5742562929061785,-4.3478260869565215,1.3888198757763974,0.6662008281573499,0.2526266004526875,-3.9014492753623187,0.0,7.217365244160527,7.217365244160527,7.217365244160527,7.217365244160527,7.217365244160527,7.217365244160527,7.217365244160527,7.217365244160527,245,245,245,245,245,245,245,245,0.0,0.0,1.0,0.0,0.0,0.0,1.0,0.0,0.15,0.15,0.15,0.15,0.15,0.15,0.15,0.15,[0. 0. 0. 0. 0. 0. 0. 0. 0. 0. 0. 0.],[0. 0. 0. 0. 0. 0. 0. 0. 0. 0. 0. 0.],[0. 0. 0. 0. 0. 0. 0. 0. 0. 0. 0. 0.],[0. 0. 0. 0. 0. 0. 0. 0. 0. 0. 0. 0.],[0. 0. 0. 0. 0. 0. 0. 0. 0. 0. 0. 0.],[0. 0. 0. 0. 0. 0. 0. 0. 0. 0. 0. 0.],[0. 0. 0. 0. 0. 0. 0. 0. 0. 0. 0. 0.],[0. 0. 0. 0. 0. 0. 0. 0. 0. 0. 0. 0.],0.3,0.3,0.3,0.3,0.3,0.3,0.3,0.3,0.01,0.01,0.01,0.01,0.01,0.01,0.01,0.01,,,,,,,,
104,3,5.333333333333333,0.4444444444444444,0.08333333333333333,-32.77777777777778,8.5,8.916666666666666,1.0,-32.72222222222222,9.367225646972656,9.367225646972656,9.367225646972656,9.367225646972656,9.367225646972656,9.367225646972656,9.367225646972656,9.367225646972656,162,162,162,162,162,162,162,162,0.0,0.0,0.0,1.0,0.0,0.0,0.0,1.0,0.15,0.15,0.15,0.15,0.15,0.15,0.15,0.15,[0. 0. 0. 0. 0. 0. 0. 0. 0. 0. 0. 0.],[0. 0. 0. 0. 0. 0. 0. 0. 0. 0. 0. 0.],[0. 0. 0. 0. 0. 0. 0. 0. 0. 0. 0. 0.],[0. 0. 0. 0. 0. 0. 0. 0. 0. 0. 0. 0.],[0. 0. 0. 0. 0. 0. 0. 0. 0. 0. 0. 0.],[0. 0. 0. 0. 0. 0. 0. 0. 0. 0. 0. 0.],[0. 0. 0. 0. 0. 0. 0. 0. 0. 0. 0. 0.],[0. 0. 0. 0. 0. 0. 0. 0. 0. 0. 0. 0.],0.3,0.3,0.3,0.3,0.3,0.3,0.3,0.3,0.01,0.01,0.01,0.01,0.01,0.01,0.01,0.01,,,,,,,,
105,1,18.5,34.0,0.0,-96.0,0.0,2.0,0.0,-100.0,6.81619930267334,6.81619930267334,6.81619930267334,6.81619930267334,6.81619930267334,6.81619930267334,6.81619930267334,6.81619930267334,117,117,117,117,117,117,117,117,0.0,0.0,0.0,1.0,0.0,0.0,0.0,1.0,0.15,0.15,0.15,0.15,0.15,0.15,0.15,0.15,[0. 0. 0. 0. 0. 0. 0. 0. 0. 0. 0. 0.],[0. 0. 0. 0. 0. 0. 0. 0. 0. 0. 0. 0.],[0. 0. 0. 0. 0. 0. 0. 0. 0. 0. 0. 0.],[0. 0. 0. 0. 0. 0. 0. 0. 0. 0. 0. 0.],[0. 0. 0. 0. 0. 0. 0. 0. 0. 0. 0. 0.],[0. 0. 0. 0. 0. 0. 0. 0. 0. 0. 0. 0.],[0. 0. 0. 0. 0. 0. 0. 0. 0. 0. 0. 0.],[0. 0. 0. 0. 0. 0. 0. 0. 0. 0. 0. 0.],0.3,0.3,0.3,0.3,0.3,0.3,0.3,0.3,0.01,0.01,0.01,0.01,0.01,0.01,0.01,0.01,,,,,,,,
106,2,0.16666666666666666,-43.5,2.0,17.25,7.833333333333333,-48.25,1.25,2.0,8.510493278503418,8.510493278503418,8.510493278503418,8.510493278503418,8.510493278503418,8.510493278503418,8.510493278503418,8.510493278503418,162,162,162,162,162,162,162,162,0.0,1.0,0.0,0.0,0.0,1.0,0.0,0.0,0.15,0.15,0.15,0.15,0.15,0.15,0.15,0.15,[0. 0. 0. 0. 0. 0. 0. 0. 0. 0. 0. 0.],[0. 0. 0. 0. 0. 0. 0. 0. 0. 0. 0. 0.],[0. 0. 0. 0. 0. 0. 0. 0. 0. 0. 0. 0.],[0. 0. 0. 0. 0. 0. 0. 0. 0. 0. 0. 0.],[0. 0. 0. 0. 0. 0. 0. 0. 0. 0. 0. 0.],[0. 0. 0. 0. 0. 0. 0. 0. 0. 0. 0. 0.],[0. 0. 0. 0. 0. 0. 0. 0. 0. 0. 0. 0.],[0. 0. 0. 0. 0. 0. 0. 0. 0. 0. 0. 0.],0.3,0.3,0.3,0.3,0.3,0.3,0.3,0.3,0.01,0.01,0.01,0.01,0.01,0.01,0.01,0.01,,,,,,,,
107,36,0.9462962962962962,0.16802973714738417,0.5,0.3588161713960947,0.02859477124183006,0.0625,0.0982458597073624,0.0,7.3776534994443255,7.3776534994443255,7.3776534994443255,7.3776534994443255,7.3776534994443255,7.3776534994443255,7.3776534994443255,7.3776534994443255,264,264,264,264,264,264,264,264,0.0,0.0,0.0,0.0,0.0,0.0,0.0,0.0,0.15,0.15,0.15,0.15,0.15,0.15,0.15,0.15,[0. 0. 0. 0. 0. 0. 0. 0. 0. 0. 0. 0.],[0. 0. 0. 0. 0. 0. 0. 0. 0. 0. 0. 0.],[0. 0. 0. 0. 0. 0. 0. 0. 0. 0. 0. 0.],[0. 0. 0. 0. 0. 0. 0. 0. 0. 0. 0. 0.],[0. 0. 0. 0. 0. 0. 0. 0. 0. 0. 0. 0.],[0. 0. 0. 0. 0. 0. 0. 0. 0. 0. 0. 0.],[0. 0. 0. 0. 0. 0. 0. 0. 0. 0. 0. 0.],[0. 0. 0. 0. 0. 0. 0. 0. 0. 0. 0. 0.],0.3,0.3,0.3,0.3,0.3,0.3,0.3,0.3,0.01,0.01,0.01,0.01,0.01,0.01,0.01,0.01,,,,,,,,
108,9,-7.481481481481483,0.4271604938271605,0.42314814814814816,-9.805555555555555,-10.055555555555555,0.5777777777777778,0.3055555555555556,-11.11111111111111,7.516215218438043,7.516215218438043,7.516215218438043,7.516215218438043,7.516215218438043,7.516215218438043,7.516215218438043,7.516215218438043,170,170,170,170,170,170,170,170,1.0,0.0,0.0,1.0,1.0,0.0,0.0,1.0,0.15,0.15,0.15,0.15,0.15,0.15,0.15,0.15,[0. 0. 0. 0. 0. 0. 0. 0. 0. 0. 0. 0.],[0. 0. 0. 0. 0. 0. 0. 0. 0. 0. 0. 0.],[0. 0. 0. 0. 0. 0. 0. 0. 0. 0. 0. 0.],[0. 0. 0. 0. 0. 0. 0. 0. 0. 0. 0. 0.],[0. 0. 0. 0. 0. 0. 0. 0. 0. 0. 0. 0.],[0. 0. 0. 0. 0. 0. 0. 0. 0. 0. 0. 0.],[0. 0. 0. 0. 0. 0. 0. 0. 0. 0. 0. 0.],[0. 0. 0. 0. 0. 0. 0. 0. 0. 0. 0. 0.],0.3,0.3,0.3,0.3,0.3,0.3,0.3,0.3,0.01,0.01,0.01,0.01,0.01,0.01,0.01,0.01,,,,,,,,
109,20,1.7433333333333334,0.1908158508158508,0.5736507936507937,1.2182393483709273,0.1494047619047619,0.37644855144855144,0.0,0.016269841269841268,7.6194233894348145,7.6194233894348145,7.6194233894348145,7.6194233894348145,7.6194233894348145,7.6194233894348145,7.6194233894348145,7.6194233894348145,275,275,275,275,275,275,275,275,0.0,0.0,0.0,0.0,0.0,0.0,0.0,0.0,0.15,0.15,0.15,0.15,0.15,0.15,0.15,0.15,[0. 0. 0. 0. 0. 0. 0. 0. 0. 0. 0. 0.],[0. 0. 0. 0. 0. 0. 0. 0. 0. 0. 0. 0.],[0. 0. 0. 0. 0. 0. 0. 0. 0. 0. 0. 0.],[0. 0. 0. 0. 0. 0. 0. 0. 0. 0. 0. 0.],[0. 0. 0. 0. 0. 0. 0. 0. 0. 0. 0. 0.],[0. 0. 0. 0. 0. 0. 0. 0. 0. 0. 0. 0.],[0. 0. 0. 0. 0. 0. 0. 0. 0. 0. 0. 0.],[0. 0. 0. 0. 0. 0. 0. 0. 0. 0. 0. 0.],0.3,0.3,0.3,0.3,0.3,0.3,0.3,0.3,0.01,0.01,0.01,0.01,0.01,0.01,0.01,0.01,,,,,,,,
110,5,-13.5,2.7600000000000002,3.1333333333333333,1.64,-19.72,0.7,0.13333333333333333,0.8666666666666666,7.1875659942626955,7.1875659942626955,7.1875659942626955,7.1875659942626955,7.1875659942626955,7.1875659942626955,7.1875659942626955,7.1875659942626955,184,184,184,184,184,184,184,184,1.0,0.0,0.0,0.0,1.0,0.0,0.0,0.0,0.15,0.15,0.15,0.15,0.15,0.15,0.15,0.15,[0. 0. 0. 0. 0. 0. 0. 0. 0. 0. 0. 0.],[0. 0. 0. 0. 0. 0. 0. 0. 0. 0. 0. 0.],[0. 0. 0. 0. 0. 0. 0. 0. 0. 0. 0. 0.],[0. 0. 0. 0. 0. 0. 0. 0. 0. 0. 0. 0.],[0. 0. 0. 0. 0. 0. 0. 0. 0. 0. 0. 0.],[0. 0. 0. 0. 0. 0. 0. 0. 0. 0. 0. 0.],[0. 0. 0. 0. 0. 0. 0. 0. 0. 0. 0. 0.],[0. 0. 0. 0. 0. 0. 0. 0. 0. 0. 0. 0.],0.3,0.3,0.3,0.3,0.3,0.3,0.3,0.3,0.01,0.01,0.01,0.01,0.01,0.01,0.01,0.01,,,,,,,,
111,2,-32.25,0.0,5.0,1.0,-49.833333333333336,0.0,6.25,7.166666666666667,7.447357654571533,7.447357654571533,7.447357654571533,7.447357654571533,7.447357654571533,7.447357654571533,7.447357654571533,7.447357654571533,155,155,155,155,155,155,155,155,1.0,0.0,0.0,0.0,1.0,0.0,0.0,0.0,0.15,0.15,0.15,0.15,0.15,0.15,0.15,0.15,[0. 0. 0. 0. 0. 0. 0. 0. 0. 0. 0. 0.],[0. 0. 0. 0. 0. 0. 0. 0. 0. 0. 0. 0.],[0. 0. 0. 0. 0. 0. 0. 0. 0. 0. 0. 0.],[0. 0. 0. 0. 0. 0. 0. 0. 0. 0. 0. 0.],[0. 0. 0. 0. 0. 0. 0. 0. 0. 0. 0. 0.],[0. 0. 0. 0. 0. 0. 0. 0. 0. 0. 0. 0.],[0. 0. 0. 0. 0. 0. 0. 0. 0. 0. 0. 0.],[0. 0. 0. 0. 0. 0. 0. 0. 0. 0. 0. 0.],0.3,0.3,0.3,0.3,0.3,0.3,0.3,0.3,0.01,0.01,0.01,0.01,0.01,0.01,0.01,0.01,,,,,,,,
112,1,11.0,34.0,-87.0,-98.5,0.0,1.5,-100.0,-100.0,6.52580451965332,6.52580451965332,6.52580451965332,6.52580451965332,6.52580451965332,6.52580451965332,6.52580451965332,6.52580451965332,122,122,122,122,122,122,122,122,0.0,0.0,1.0,1.0,0.0,0.0,1.0,1.0,0.15,0.15,0.15,0.15,0.15,0.15,0.15,0.15,[0. 0. 0. 0. 0. 0. 0. 0. 0. 0. 0. 0.],[0. 0. 0. 0. 0. 0. 0. 0. 0. 0. 0. 0.],[0. 0. 0. 0. 0. 0. 0. 0. 0. 0. 0. 0.],[0. 0. 0. 0. 0. 0. 0. 0. 0. 0. 0. 0.],[0. 0. 0. 0. 0. 0. 0. 0. 0. 0. 0. 0.],[0. 0. 0. 0. 0. 0. 0. 0. 0. 0. 0. 0.],[0. 0. 0. 0. 0. 0. 0. 0. 0. 0. 0. 0.],[0. 0. 0. 0. 0. 0. 0. 0. 0. 0. 0. 0.],0.3,0.3,0.3,0.3,0.3,0.3,0.3,0.3,0.01,0.01,0.01,0.01,0.01,0.01,0.01,0.01,,,,,,,,
113,1,29.0,21.0,-98.0,10.0,3.5,2.0,-95.5,2.0,9.204630851745605,9.204630851745605,9.204630851745605,9.204630851745605,9.204630851745605,9.204630851745605,9.204630851745605,9.204630851745605,148,148,148,148,148,148,148,148,0.0,0.0,1.0,0.0,0.0,0.0,1.0,0.0,0.15,0.15,0.15,0.15,0.15,0.15,0.15,0.15,[0. 0. 0. 0. 0. 0. 0. 0. 0. 0. 0. 0.],[0. 0. 0. 0. 0. 0. 0. 0. 0. 0. 0. 0.],[0. 0. 0. 0. 0. 0. 0. 0. 0. 0. 0. 0.],[0. 0. 0. 0. 0. 0. 0. 0. 0. 0. 0. 0.],[0. 0. 0. 0. 0. 0. 0. 0. 0. 0. 0. 0.],[0. 0. 0. 0. 0. 0. 0. 0. 0. 0. 0. 0.],[0. 0. 0. 0. 0. 0. 0. 0. 0. 0. 0. 0.],[0. 0. 0. 0. 0. 0. 0. 0. 0. 0. 0. 0.],0.3,0.3,0.3,0.3,0.3,0.3,0.3,0.3,0.01,0.01,0.01,0.01,0.01,0.01,0.01,0.01,,,,,,,,
114,1,35.5,-88.5,-100.0,11.5,2.0,-100.0,-100.0,2.0,7.790832042694092,7.790832042694092,7.790832042694092,7.790832042694092,7.790832042694092,7.790832042694092,7.790832042694092,7.790832042694092,125,125,125,125,125,125,125,125,0.0,1.0,1.0,0.0,0.0,1.0,1.0,0.0,0.15,0.15,0.15,0.15,0.15,0.15,0.15,0.15,[0. 0. 0. 0. 0. 0. 0. 0. 0. 0. 0. 0.],[0. 0. 0. 0. 0. 0. 0. 0. 0. 0. 0. 0.],[0. 0. 0. 0. 0. 0. 0. 0. 0. 0. 0. 0.],[0. 0. 0. 0. 0. 0. 0. 0. 0. 0. 0. 0.],[0. 0. 0. 0. 0. 0. 0. 0. 0. 0. 0. 0.],[0. 0. 0. 0. 0. 0. 0. 0. 0. 0. 0. 0.],[0. 0. 0. 0. 0. 0. 0. 0. 0. 0. 0. 0.],[0. 0. 0. 0. 0. 0. 0. 0. 0. 0. 0. 0.],0.3,0.3,0.3,0.3,0.3,0.3,0.3,0.3,0.01,0.01,0.01,0.01,0.01,0.01,0.01,0.01,,,,,,,,
115,1,32.5,0.0,11.5,-96.5,1.0,7.5,0.0,-92.0,11.452408790588379,11.452408790588379,11.452408790588379,11.452408790588379,11.452408790588379,11.452408790588379,11.452408790588379,11.452408790588379,128,128,128,128,128,128,128,128,0.0,0.0,0.0,1.0,0.0,0.0,0.0,1.0,0.15,0.15,0.15,0.15,0.15,0.15,0.15,0.15,[0. 0. 0. 0. 0. 0. 0. 0. 0. 0. 0. 0.],[0. 0. 0. 0. 0. 0. 0. 0. 0. 0. 0. 0.],[0. 0. 0. 0. 0. 0. 0. 0. 0. 0. 0. 0.],[0. 0. 0. 0. 0. 0. 0. 0. 0. 0. 0. 0.],[0. 0. 0. 0. 0. 0. 0. 0. 0. 0. 0. 0.],[0. 0. 0. 0. 0. 0. 0. 0. 0. 0. 0. 0.],[0. 0. 0. 0. 0. 0. 0. 0. 0. 0. 0. 0.],[0. 0. 0. 0. 0. 0. 0. 0. 0. 0. 0. 0.],0.3,0.3,0.3,0.3,0.3,0.3,0.3,0.3,0.01,0.01,0.01,0.01,0.01,0.01,0.01,0.01,,,,,,,,
116,3,-24.333333333333332,5.694444444444444,0.3333333333333333,1.388888888888889,-33.333333333333336,0.08333333333333333,0.0,6.0,7.801577250162761,7.801577250162761,7.801577250162761,7.801577250162761,7.801577250162761,7.801577250162761,7.801577250162761,7.801577250162761,146,146,146,146,146,146,146,146,1.0,0.0,0.0,0.0,1.0,0.0,0.0,0.0,0.15,0.15,0.15,0.15,0.15,0.15,0.15,0.15,[0. 0. 0. 0. 0. 0. 0. 0. 0. 0. 0. 0.],[0. 0. 0. 0. 0. 0. 0. 0. 0. 0. 0. 0.],[0. 0. 0. 0. 0. 0. 0. 0. 0. 0. 0. 0.],[0. 0. 0. 0. 0. 0. 0. 0. 0. 0. 0. 0.],[0. 0. 0. 0. 0. 0. 0. 0. 0. 0. 0. 0.],[0. 0. 0. 0. 0. 0. 0. 0. 0. 0. 0. 0.],[0. 0. 0. 0. 0. 0. 0. 0. 0. 0. 0. 0.],[0. 0. 0. 0. 0. 0. 0. 0. 0. 0. 0. 0.],0.3,0.3,0.3,0.3,0.3,0.3,0.3,0.3,0.01,0.01,0.01,0.01,0.01,0.01,0.01,0.01,,,,,,,,
117,2,-40.75,15.75,1.1666666666666667,6.25,-50.0,0.16666666666666666,0.0,0.75,6.155421733856201,6.155421733856201,6.155421733856201,6.155421733856201,6.155421733856201,6.155421733856201,6.155421733856201,6.155421733856201,136,136,136,136,136,136,136,136,1.0,0.0,0.0,0.0,1.0,0.0,0.0,0.0,0.15,0.15,0.15,0.15,0.15,0.15,0.15,0.15,[0. 0. 0. 0. 0. 0. 0. 0. 0. 0. 0. 0.],[0. 0. 0. 0. 0. 0. 0. 0. 0. 0. 0. 0.],[0. 0. 0. 0. 0. 0. 0. 0. 0. 0. 0. 0.],[0. 0. 0. 0. 0. 0. 0. 0. 0. 0. 0. 0.],[0. 0. 0. 0. 0. 0. 0. 0. 0. 0. 0. 0.],[0. 0. 0. 0. 0. 0. 0. 0. 0. 0. 0. 0.],[0. 0. 0. 0. 0. 0. 0. 0. 0. 0. 0. 0.],[0. 0. 0. 0. 0. 0. 0. 0. 0. 0. 0. 0.],0.3,0.3,0.3,0.3,0.3,0.3,0.3,0.3,0.01,0.01,0.01,0.01,0.01,0.01,0.01,0.01,,,,,,,,
118,4,8.0375,-20.025,0.5125,0.4,2.3916666666666666,-23.875,0.3333333333333333,0.6,7.02705442905426,7.02705442905426,7.02705442905426,7.02705442905426,7.02705442905426,7.02705442905426,7.02705442905426,7.02705442905426,179,179,179,179,179,179,179,179,0.0,1.0,0.0,0.0,0.0,1.0,0.0,0.0,0.15,0.15,0.15,0.15,0.15,0.15,0.15,0.15,[0. 0. 0. 0. 0. 0. 0. 0. 0. 0. 0. 0.],[0. 0. 0. 0. 0. 0. 0. 0. 0. 0. 0. 0.],[0. 0. 0. 0. 0. 0. 0. 0. 0. 0. 0. 0.],[0. 0. 0. 0. 0. 0. 0. 0. 0. 0. 0. 0.],[0. 0. 0. 0. 0. 0. 0. 0. 0. 0. 0. 0.],[0. 0. 0. 0. 0. 0. 0. 0. 0. 0. 0. 0.],[0. 0. 0. 0. 0. 0. 0. 0. 0. 0. 0. 0.],[0. 0. 0. 0. 0. 0. 0. 0. 0. 0. 0. 0.],0.3,0.3,0.3,0.3,0.3,0.3,0.3,0.3,0.01,0.01,0.01,0.01,0.01,0.01,0.01,0.01,,,,,,,,
119,2,5.5,17.0,-46.916666666666664,3.0,0.5,0.5,-50.0,0.16666666666666666,6.313289165496826,6.313289165496826,6.313289165496826,6.313289165496826,6.313289165496826,6.313289165496826,6.313289165496826,6.313289165496826,120,120,120,120,120,120,120,120,0.0,0.0,1.0,0.0,0.0,0.0,1.0,0.0,0.15,0.15,0.15,0.15,0.15,0.15,0.15,0.15,[0. 0. 0. 0. 0. 0. 0. 0. 0. 0. 0. 0.],[0. 0. 0. 0. 0. 0. 0. 0. 0. 0. 0. 0.],[0. 0. 0. 0. 0. 0. 0. 0. 0. 0. 0. 0.],[0. 0. 0. 0. 0. 0. 0. 0. 0. 0. 0. 0.],[0. 0. 0. 0. 0. 0. 0. 0. 0. 0. 0. 0.],[0. 0. 0. 0. 0. 0. 0. 0. 0. 0. 0. 0.],[0. 0. 0. 0. 0. 0. 0. 0. 0. 0. 0. 0.],[0. 0. 0. 0. 0. 0. 0. 0. 0. 0. 0. 0.],0.3,0.3,0.3,0.3,0.3,0.3,0.3,0.3,0.01,0.01,0.01,0.01,0.01,0.01,0.01,0.01,,,,,,,,
120,5,-19.483333333333334,3.7600000000000002,0.8,-17.5,-19.266666666666666,3.7,3.8833333333333337,-20.0,9.609774017333985,9.609774017333985,9.609774017333985,9.609774017333985,9.609774017333985,9.609774017333985,9.609774017333985,9.609774017333985,187,187,187,187,187,187,187,187,1.0,0.0,0.0,1.0,1.0,0.0,0.0,1.0,0.15,0.15,0.15,0.15,0.15,0.15,0.15,0.15,[0. 0. 0. 0. 0. 0. 0. 0. 0. 0. 0. 0.],[0. 0. 0. 0. 0. 0. 0. 0. 0. 0. 0. 0.],[0. 0. 0. 0. 0. 0. 0. 0. 0. 0. 0. 0.],[0. 0. 0. 0. 0. 0. 0. 0. 0. 0. 0. 0.],[0. 0. 0. 0. 0. 0. 0. 0. 0. 0. 0. 0.],[0. 0. 0. 0. 0. 0. 0. 0. 0. 0. 0. 0.],[0. 0. 0. 0. 0. 0. 0. 0. 0. 0. 0. 0.],[0. 0. 0. 0. 0. 0. 0. 0. 0. 0. 0. 0.],0.3,0.3,0.3,0.3,0.3,0.3,0.3,0.3,0.01,0.01,0.01,0.01,0.01,0.01,0.01,0.01,,,,,,,,
121,3,-24.833333333333332,4.0,0.08333333333333333,0.4166666666666667,-32.22222222222222,3.694444444444444,6.166666666666667,0.0,7.890424887339274,7.890424887339274,7.890424887339274,7.890424887339274,7.890424887339274,7.890424887339274,7.890424887339274,7.890424887339274,155,155,155,155,155,155,155,155,1.0,0.0,0.0,0.0,1.0,0.0,0.0,0.0,0.15,0.15,0.15,0.15,0.15,0.15,0.15,0.15,[0. 0. 0. 0. 0. 0. 0. 0. 0. 0. 0. 0.],[0. 0. 0. 0. 0. 0. 0. 0. 0. 0. 0. 0.],[0. 0. 0. 0. 0. 0. 0. 0. 0. 0. 0. 0.],[0. 0. 0. 0. 0. 0. 0. 0. 0. 0. 0. 0.],[0. 0. 0. 0. 0. 0. 0. 0. 0. 0. 0. 0.],[0. 0. 0. 0. 0. 0. 0. 0. 0. 0. 0. 0.],[0. 0. 0. 0. 0. 0. 0. 0. 0. 0. 0. 0.],[0. 0. 0. 0. 0. 0. 0. 0. 0. 0. 0. 0.],0.3,0.3,0.3,0.3,0.3,0.3,0.3,0.3,0.01,0.01,0.01,0.01,0.01,0.01,0.01,0.01,,,,,,,,
122,16,0.9398358585858586,2.1382053710178712,0.5497271825396826,-6.1875,1.1213716736694677,0.0,0.29348958333333336,-6.0625,7.261671245098114,7.261671245098114,7.261671245098114,7.261671245098114,7.261671245098114,7.261671245098114,7.261671245098114,7.261671245098114,255,255,255,255,255,255,255,255,0.0,0.0,0.0,1.0,0.0,0.0,0.0,1.0,0.15,0.15,0.15,0.15,0.15,0.15,0.15,0.15,[0. 0. 0. 0. 0. 0. 0. 0. 0. 0. 0. 0.],[0. 0. 0. 0. 0. 0. 0. 0. 0. 0. 0. 0.],[0. 0. 0. 0. 0. 0. 0. 0. 0. 0. 0. 0.],[0. 0. 0. 0. 0. 0. 0. 0. 0. 0. 0. 0.],[0. 0. 0. 0. 0. 0. 0. 0. 0. 0. 0. 0.],[0. 0. 0. 0. 0. 0. 0. 0. 0. 0. 0. 0.],[0. 0. 0. 0. 0. 0. 0. 0. 0. 0. 0. 0.],[0. 0. 0. 0. 0. 0. 0. 0. 0. 0. 0. 0.],0.3,0.3,0.3,0.3,0.3,0.3,0.3,0.3,0.01,0.01,0.01,0.01,0.01,0.01,0.01,0.01,,,,,,,,
123,1,0.0,13.0,-94.5,32.0,6.5,0.0,-100.0,2.0,9.1803617477417,9.1803617477417,9.1803617477417,9.1803617477417,9.1803617477417,9.1803617477417,9.1803617477417,9.1803617477417,118,118,118,118,118,118,118,118,0.0,0.0,1.0,0.0,0.0,0.0,1.0,0.0,0.15,0.15,0.15,0.15,0.15,0.15,0.15,0.15,[0. 0. 0. 0. 0. 0. 0. 0. 0. 0. 0. 0.],[0. 0. 0. 0. 0. 0. 0. 0. 0. 0. 0. 0.],[0. 0. 0. 0. 0. 0. 0. 0. 0. 0. 0. 0.],[0. 0. 0. 0. 0. 0. 0. 0. 0. 0. 0. 0.],[0. 0. 0. 0. 0. 0. 0. 0. 0. 0. 0. 0.],[0. 0. 0. 0. 0. 0. 0. 0. 0. 0. 0. 0.],[0. 0. 0. 0. 0. 0. 0. 0. 0. 0. 0. 0.],[0. 0. 0. 0. 0. 0. 0. 0. 0. 0. 0. 0.],0.3,0.3,0.3,0.3,0.3,0.3,0.3,0.3,0.01,0.01,0.01,0.01,0.01,0.01,0.01,0.01,,,,,,,,
124,1,11.0,24.5,-83.5,-96.0,0.0,2.5,-100.0,-100.0,5.874575614929199,5.874575614929199,5.874575614929199,5.874575614929199,5.874575614929199,5.874575614929199,5.874575614929199,5.874575614929199,117,117,117,117,117,117,117,117,0.0,0.0,1.0,1.0,0.0,0.0,1.0,1.0,0.15,0.15,0.15,0.15,0.15,0.15,0.15,0.15,[0. 0. 0. 0. 0. 0. 0. 0. 0. 0. 0. 0.],[0. 0. 0. 0. 0. 0. 0. 0. 0. 0. 0. 0.],[0. 0. 0. 0. 0. 0. 0. 0. 0. 0. 0. 0.],[0. 0. 0. 0. 0. 0. 0. 0. 0. 0. 0. 0.],[0. 0. 0. 0. 0. 0. 0. 0. 0. 0. 0. 0.],[0. 0. 0. 0. 0. 0. 0. 0. 0. 0. 0. 0.],[0. 0. 0. 0. 0. 0. 0. 0. 0. 0. 0. 0.],[0. 0. 0. 0. 0. 0. 0. 0. 0. 0. 0. 0.],0.3,0.3,0.3,0.3,0.3,0.3,0.3,0.3,0.01,0.01,0.01,0.01,0.01,0.01,0.01,0.01,,,,,,,,
125,2,0.0,18.25,-39.416666666666664,-45.333333333333336,2.25,1.75,-49.5,-50.0,9.170493602752686,9.170493602752686,9.170493602752686,9.170493602752686,9.170493602752686,9.170493602752686,9.170493602752686,9.170493602752686,160,160,160,160,160,160,160,160,0.0,0.0,1.0,1.0,0.0,0.0,1.0,1.0,0.15,0.15,0.15,0.15,0.15,0.15,0.15,0.15,[0. 0. 0. 0. 0. 0. 0. 0. 0. 0. 0. 0.],[0. 0. 0. 0. 0. 0. 0. 0. 0. 0. 0. 0.],[0. 0. 0. 0. 0. 0. 0. 0. 0. 0. 0. 0.],[0. 0. 0. 0. 0. 0. 0. 0. 0. 0. 0. 0.],[0. 0. 0. 0. 0. 0. 0. 0. 0. 0. 0. 0.],[0. 0. 0. 0. 0. 0. 0. 0. 0. 0. 0. 0.],[0. 0. 0. 0. 0. 0. 0. 0. 0. 0. 0. 0.],[0. 0. 0. 0. 0. 0. 0. 0. 0. 0. 0. 0.],0.3,0.3,0.3,0.3,0.3,0.3,0.3,0.3,0.01,0.01,0.01,0.01,0.01,0.01,0.01,0.01,,,,,,,,
126,9,0.9519400352733687,-10.88888888888889,1.7777777777777777,0.0,4.037037037037037,-10.944444444444445,0.2814814814814815,1.3317460317460317,7.9583749241299095,7.9583749241299095,7.9583749241299095,7.9583749241299095,7.9583749241299095,7.9583749241299095,7.9583749241299095,7.9583749241299095,209,209,209,209,209,209,209,209,0.0,1.0,0.0,0.0,0.0,1.0,0.0,0.0,0.15,0.15,0.15,0.15,0.15,0.15,0.15,0.15,[0. 0. 0. 0. 0. 0. 0. 0. 0. 0. 0. 0.],[0. 0. 0. 0. 0. 0. 0. 0. 0. 0. 0. 0.],[0. 0. 0. 0. 0. 0. 0. 0. 0. 0. 0. 0.],[0. 0. 0. 0. 0. 0. 0. 0. 0. 0. 0. 0.],[0. 0. 0. 0. 0. 0. 0. 0. 0. 0. 0. 0.],[0. 0. 0. 0. 0. 0. 0. 0. 0. 0. 0. 0.],[0. 0. 0. 0. 0. 0. 0. 0. 0. 0. 0. 0.],[0. 0. 0. 0. 0. 0. 0. 0. 0. 0. 0. 0.],0.3,0.3,0.3,0.3,0.3,0.3,0.3,0.3,0.01,0.01,0.01,0.01,0.01,0.01,0.01,0.01,,,,,,,,
127,2,5.5,16.166666666666668,1.25,-50.0,2.5833333333333335,0.0,0.0,-48.666666666666664,7.152202606201172,7.152202606201172,7.152202606201172,7.152202606201172,7.152202606201172,7.152202606201172,7.152202606201172,7.152202606201172,112,112,112,112,112,112,112,112,0.0,0.0,0.0,1.0,0.0,0.0,0.0,1.0,0.15,0.15,0.15,0.15,0.15,0.15,0.15,0.15,[0. 0. 0. 0. 0. 0. 0. 0. 0. 0. 0. 0.],[0. 0. 0. 0. 0. 0. 0. 0. 0. 0. 0. 0.],[0. 0. 0. 0. 0. 0. 0. 0. 0. 0. 0. 0.],[0. 0. 0. 0. 0. 0. 0. 0. 0. 0. 0. 0.],[0. 0. 0. 0. 0. 0. 0. 0. 0. 0. 0. 0.],[0. 0. 0. 0. 0. 0. 0. 0. 0. 0. 0. 0.],[0. 0. 0. 0. 0. 0. 0. 0. 0. 0. 0. 0.],[0. 0. 0. 0. 0. 0. 0. 0. 0. 0. 0. 0.],0.3,0.3,0.3,0.3,0.3,0.3,0.3,0.3,0.01,0.01,0.01,0.01,0.01,0.01,0.01,0.01,,,,,,,,
128,1,-64.5,0.0,11.0,0.0,-92.5,5.0,0.0,0.5,9.413652420043945,9.413652420043945,9.413652420043945,9.413652420043945,9.413652420043945,9.413652420043945,9.413652420043945,9.413652420043945,119,119,119,119,119,119,119,119,1.0,0.0,0.0,0.0,1.0,0.0,0.0,0.0,0.15,0.15,0.15,0.15,0.15,0.15,0.15,0.15,[0. 0. 0. 0. 0. 0. 0. 0. 0. 0. 0. 0.],[0. 0. 0. 0. 0. 0. 0. 0. 0. 0. 0. 0.],[0. 0. 0. 0. 0. 0. 0. 0. 0. 0. 0. 0.],[0. 0. 0. 0. 0. 0. 0. 0. 0. 0. 0. 0.],[0. 0. 0. 0. 0. 0. 0. 0. 0. 0. 0. 0.],[0. 0. 0. 0. 0. 0. 0. 0. 0. 0. 0. 0.],[0. 0. 0. 0. 0. 0. 0. 0. 0. 0. 0. 0.],[0. 0. 0. 0. 0. 0. 0. 0. 0. 0. 0. 0.],0.3,0.3,0.3,0.3,0.3,0.3,0.3,0.3,0.01,0.01,0.01,0.01,0.01,0.01,0.01,0.01,,,,,,,,
129,1,-100.0,0.0,0.0,0.0,-100.0,20.5,0.0,0.0,8.88916015625,8.88916015625,8.88916015625,8.88916015625,8.88916015625,8.88916015625,8.88916015625,8.88916015625,41,41,41,41,41,41,41,41,1.0,0.0,0.0,0.0,1.0,0.0,0.0,0.0,0.15,0.15,0.15,0.15,0.15,0.15,0.15,0.15,[0. 0. 0. 0. 0. 0. 0. 0. 0. 0. 0. 0.],[0. 0. 0. 0. 0. 0. 0. 0. 0. 0. 0. 0.],[0. 0. 0. 0. 0. 0. 0. 0. 0. 0. 0. 0.],[0. 0. 0. 0. 0. 0. 0. 0. 0. 0. 0. 0.],[0. 0. 0. 0. 0. 0. 0. 0. 0. 0. 0. 0.],[0. 0. 0. 0. 0. 0. 0. 0. 0. 0. 0. 0.],[0. 0. 0. 0. 0. 0. 0. 0. 0. 0. 0. 0.],[0. 0. 0. 0. 0. 0. 0. 0. 0. 0. 0. 0.],0.3,0.3,0.3,0.3,0.3,0.3,0.3,0.3,0.01,0.01,0.01,0.01,0.01,0.01,0.01,0.01,,,,,,,,
130,22,0.5359848484848485,0.3898989898989899,0.3135281385281385,1.5429487179487182,-4.409090909090909,0.18333333333333332,0.5675990675990676,-4.545454545454546,7.7253005071119825,7.7253005071119825,7.7253005071119825,7.7253005071119825,7.7253005071119825,7.7253005071119825,7.7253005071119825,7.7253005071119825,209,209,209,209,209,209,209,209,0.0,0.0,0.0,0.0,1.0,0.0,0.0,1.0,0.15,0.15,0.15,0.15,0.15,0.15,0.15,0.15,[0. 0. 0. 0. 0. 0. 0. 0. 0. 0. 0. 0.],[0. 0. 0. 0. 0. 0. 0. 0. 0. 0. 0. 0.],[0. 0. 0. 0. 0. 0. 0. 0. 0. 0. 0. 0.],[0. 0. 0. 0. 0. 0. 0. 0. 0. 0. 0. 0.],[0. 0. 0. 0. 0. 0. 0. 0. 0. 0. 0. 0.],[0. 0. 0. 0. 0. 0. 0. 0. 0. 0. 0. 0.],[0. 0. 0. 0. 0. 0. 0. 0. 0. 0. 0. 0.],[0. 0. 0. 0. 0. 0. 0. 0. 0. 0. 0. 0.],0.3,0.3,0.3,0.3,0.3,0.3,0.3,0.3,0.01,0.01,0.01,0.01,0.01,0.01,0.01,0.01,,,,,,,,
131,1,-100.0,26.0,0.0,13.5,-98.5,20.0,2.5,0.0,7.42888069152832,7.42888069152832,7.42888069152832,7.42888069152832,7.42888069152832,7.42888069152832,7.42888069152832,7.42888069152832,127,127,127,127,127,127,127,127,1.0,0.0,0.0,0.0,1.0,0.0,0.0,0.0,0.15,0.15,0.15,0.15,0.15,0.15,0.15,0.15,[0. 0. 0. 0. 0. 0. 0. 0. 0. 0. 0. 0.],[0. 0. 0. 0. 0. 0. 0. 0. 0. 0. 0. 0.],[0. 0. 0. 0. 0. 0. 0. 0. 0. 0. 0. 0.],[0. 0. 0. 0. 0. 0. 0. 0. 0. 0. 0. 0.],[0. 0. 0. 0. 0. 0. 0. 0. 0. 0. 0. 0.],[0. 0. 0. 0. 0. 0. 0. 0. 0. 0. 0. 0.],[0. 0. 0. 0. 0. 0. 0. 0. 0. 0. 0. 0.],[0. 0. 0. 0. 0. 0. 0. 0. 0. 0. 0. 0.],0.3,0.3,0.3,0.3,0.3,0.3,0.3,0.3,0.01,0.01,0.01,0.01,0.01,0.01,0.01,0.01,,,,,,,,
132,20,1.747083333333333,0.7454166666666666,0.3006535947712418,0.3761884632395468,0.026942355889724313,0.04502164502164502,0.6625,0.08442513368983957,7.699688720703125,7.699688720703125,7.699688720703125,7.699688720703125,7.699688720703125,7.699688720703125,7.699688720703125,7.699688720703125,273,273,273,273,273,273,273,273,0.0,0.0,0.0,0.0,0.0,0.0,0.0,0.0,0.15,0.15,0.15,0.15,0.15,0.15,0.15,0.15,[0. 0. 0. 0. 0. 0. 0. 0. 0. 0. 0. 0.],[0. 0. 0. 0. 0. 0. 0. 0. 0. 0. 0. 0.],[0. 0. 0. 0. 0. 0. 0. 0. 0. 0. 0. 0.],[0. 0. 0. 0. 0. 0. 0. 0. 0. 0. 0. 0.],[0. 0. 0. 0. 0. 0. 0. 0. 0. 0. 0. 0.],[0. 0. 0. 0. 0. 0. 0. 0. 0. 0. 0. 0.],[0. 0. 0. 0. 0. 0. 0. 0. 0. 0. 0. 0.],[0. 0. 0. 0. 0. 0. 0. 0. 0. 0. 0. 0.],0.3,0.3,0.3,0.3,0.3,0.3,0.3,0.3,0.01,0.01,0.01,0.01,0.01,0.01,0.01,0.01,,,,,,,,
133,1,0.0,0.0,-67.5,10.5,0.0,2.5,-100.0,8.0,8.13589859008789,8.13589859008789,8.13589859008789,8.13589859008789,8.13589859008789,8.13589859008789,8.13589859008789,8.13589859008789,107,107,107,107,107,107,107,107,0.0,0.0,1.0,0.0,0.0,0.0,1.0,0.0,0.15,0.15,0.15,0.15,0.15,0.15,0.15,0.15,[0. 0. 0. 0. 0. 0. 0. 0. 0. 0. 0. 0.],[0. 0. 0. 0. 0. 0. 0. 0. 0. 0. 0. 0.],[0. 0. 0. 0. 0. 0. 0. 0. 0. 0. 0. 0.],[0. 0. 0. 0. 0. 0. 0. 0. 0. 0. 0. 0.],[0. 0. 0. 0. 0. 0. 0. 0. 0. 0. 0. 0.],[0. 0. 0. 0. 0. 0. 0. 0. 0. 0. 0. 0.],[0. 0. 0. 0. 0. 0. 0. 0. 0. 0. 0. 0.],[0. 0. 0. 0. 0. 0. 0. 0. 0. 0. 0. 0.],0.3,0.3,0.3,0.3,0.3,0.3,0.3,0.3,0.01,0.01,0.01,0.01,0.01,0.01,0.01,0.01,,,,,,,,
134,2,9.25,11.916666666666666,-41.25,2.1666666666666665,0.0,1.4166666666666667,-50.0,0.25,8.560551166534424,8.560551166534424,8.560551166534424,8.560551166534424,8.560551166534424,8.560551166534424,8.560551166534424,8.560551166534424,139,139,139,139,139,139,139,139,0.0,0.0,1.0,0.0,0.0,0.0,1.0,0.0,0.15,0.15,0.15,0.15,0.15,0.15,0.15,0.15,[0. 0. 0. 0. 0. 0. 0. 0. 0. 0. 0. 0.],[0. 0. 0. 0. 0. 0. 0. 0. 0. 0. 0. 0.],[0. 0. 0. 0. 0. 0. 0. 0. 0. 0. 0. 0.],[0. 0. 0. 0. 0. 0. 0. 0. 0. 0. 0. 0.],[0. 0. 0. 0. 0. 0. 0. 0. 0. 0. 0. 0.],[0. 0. 0. 0. 0. 0. 0. 0. 0. 0. 0. 0.],[0. 0. 0. 0. 0. 0. 0. 0. 0. 0. 0. 0.],[0. 0. 0. 0. 0. 0. 0. 0. 0. 0. 0. 0.],0.3,0.3,0.3,0.3,0.3,0.3,0.3,0.3,0.01,0.01,0.01,0.01,0.01,0.01,0.01,0.01,,,,,,,,
135,7,1.852551020408163,0.5659863945578232,-8.928571428571429,1.563095238095238,0.6547619047619048,0.19047619047619047,-14.20952380952381,0.4761904761904762,7.6174783025469095,7.6174783025469095,7.6174783025469095,7.6174783025469095,7.6174783025469095,7.6174783025469095,7.6174783025469095,7.6174783025469095,197,197,197,197,197,197,197,197,0.0,0.0,1.0,0.0,0.0,0.0,1.0,0.0,0.15,0.15,0.15,0.15,0.15,0.15,0.15,0.15,[0. 0. 0. 0. 0. 0. 0. 0. 0. 0. 0. 0.],[0. 0. 0. 0. 0. 0. 0. 0. 0. 0. 0. 0.],[0. 0. 0. 0. 0. 0. 0. 0. 0. 0. 0. 0.],[0. 0. 0. 0. 0. 0. 0. 0. 0. 0. 0. 0.],[0. 0. 0. 0. 0. 0. 0. 0. 0. 0. 0. 0.],[0. 0. 0. 0. 0. 0. 0. 0. 0. 0. 0. 0.],[0. 0. 0. 0. 0. 0. 0. 0. 0. 0. 0. 0.],[0. 0. 0. 0. 0. 0. 0. 0. 0. 0. 0. 0.],0.3,0.3,0.3,0.3,0.3,0.3,0.3,0.3,0.01,0.01,0.01,0.01,0.01,0.01,0.01,0.01,,,,,,,,
136,3,6.111111111111112,-29.833333333333332,0.0,0.0,8.944444444444445,-33.0,0.0,7.833333333333333,7.471207141876221,7.471207141876221,7.471207141876221,7.471207141876221,7.471207141876221,7.471207141876221,7.471207141876221,7.471207141876221,183,183,183,183,183,183,183,183,0.0,1.0,0.0,0.0,0.0,1.0,0.0,0.0,0.15,0.15,0.15,0.15,0.15,0.15,0.15,0.15,[0. 0. 0. 0. 0. 0. 0. 0. 0. 0. 0. 0.],[0. 0. 0. 0. 0. 0. 0. 0. 0. 0. 0. 0.],[0. 0. 0. 0. 0. 0. 0. 0. 0. 0. 0. 0.],[0. 0. 0. 0. 0. 0. 0. 0. 0. 0. 0. 0.],[0. 0. 0. 0. 0. 0. 0. 0. 0. 0. 0. 0.],[0. 0. 0. 0. 0. 0. 0. 0. 0. 0. 0. 0.],[0. 0. 0. 0. 0. 0. 0. 0. 0. 0. 0. 0.],[0. 0. 0. 0. 0. 0. 0. 0. 0. 0. 0. 0.],0.3,0.3,0.3,0.3,0.3,0.3,0.3,0.3,0.01,0.01,0.01,0.01,0.01,0.01,0.01,0.01,,,,,,,,
137,1,0.0,0.0,-67.5,0.0,14.0,0.0,-90.0,5.0,6.619008541107178,6.619008541107178,6.619008541107178,6.619008541107178,6.619008541107178,6.619008541107178,6.619008541107178,6.619008541107178,123,123,123,123,123,123,123,123,0.0,0.0,1.0,0.0,0.0,0.0,1.0,0.0,0.15,0.15,0.15,0.15,0.15,0.15,0.15,0.15,[0. 0. 0. 0. 0. 0. 0. 0. 0. 0. 0. 0.],[0. 0. 0. 0. 0. 0. 0. 0. 0. 0. 0. 0.],[0. 0. 0. 0. 0. 0. 0. 0. 0. 0. 0. 0.],[0. 0. 0. 0. 0. 0. 0. 0. 0. 0. 0. 0.],[0. 0. 0. 0. 0. 0. 0. 0. 0. 0. 0. 0.],[0. 0. 0. 0. 0. 0. 0. 0. 0. 0. 0. 0.],[0. 0. 0. 0. 0. 0. 0. 0. 0. 0. 0. 0.],[0. 0. 0. 0. 0. 0. 0. 0. 0. 0. 0. 0.],0.3,0.3,0.3,0.3,0.3,0.3,0.3,0.3,0.01,0.01,0.01,0.01,0.01,0.01,0.01,0.01,,,,,,,,
138,1,32.5,-91.5,3.0,0.0,11.5,-96.0,1.5,0.0,5.655292510986328,5.655292510986328,5.655292510986328,5.655292510986328,5.655292510986328,5.655292510986328,5.655292510986328,5.655292510986328,122,122,122,122,122,122,122,122,0.0,1.0,0.0,0.0,0.0,1.0,0.0,0.0,0.15,0.15,0.15,0.15,0.15,0.15,0.15,0.15,[0. 0. 0. 0. 0. 0. 0. 0. 0. 0. 0. 0.],[0. 0. 0. 0. 0. 0. 0. 0. 0. 0. 0. 0.],[0. 0. 0. 0. 0. 0. 0. 0. 0. 0. 0. 0.],[0. 0. 0. 0. 0. 0. 0. 0. 0. 0. 0. 0.],[0. 0. 0. 0. 0. 0. 0. 0. 0. 0. 0. 0.],[0. 0. 0. 0. 0. 0. 0. 0. 0. 0. 0. 0.],[0. 0. 0. 0. 0. 0. 0. 0. 0. 0. 0. 0.],[0. 0. 0. 0. 0. 0. 0. 0. 0. 0. 0. 0.],0.3,0.3,0.3,0.3,0.3,0.3,0.3,0.3,0.01,0.01,0.01,0.01,0.01,0.01,0.01,0.01,,,,,,,,
139,1,13.0,26.0,3.5,-100.0,20.0,2.5,6.0,-97.0,5.467369556427002,5.467369556427002,5.467369556427002,5.467369556427002,5.467369556427002,5.467369556427002,5.467369556427002,5.467369556427002,148,148,148,148,148,148,148,148,0.0,0.0,0.0,1.0,0.0,0.0,0.0,1.0,0.15,0.15,0.15,0.15,0.15,0.15,0.15,0.15,[0. 0. 0. 0. 0. 0. 0. 0. 0. 0. 0. 0.],[0. 0. 0. 0. 0. 0. 0. 0. 0. 0. 0. 0.],[0. 0. 0. 0. 0. 0. 0. 0. 0. 0. 0. 0.],[0. 0. 0. 0. 0. 0. 0. 0. 0. 0. 0. 0.],[0. 0. 0. 0. 0. 0. 0. 0. 0. 0. 0. 0.],[0. 0. 0. 0. 0. 0. 0. 0. 0. 0. 0. 0.],[0. 0. 0. 0. 0. 0. 0. 0. 0. 0. 0. 0.],[0. 0. 0. 0. 0. 0. 0. 0. 0. 0. 0. 0.],0.3,0.3,0.3,0.3,0.3,0.3,0.3,0.3,0.01,0.01,0.01,0.01,0.01,0.01,0.01,0.01,,,,,,,,
140,17,-5.096023257787964,2.0588235294117645,0.4461215255332902,0.22152194211017742,0.10457516339869281,0.47058823529411764,0.12202111613876318,-5.4411764705882355,7.685030264012954,7.685030264012954,7.685030264012954,7.685030264012954,7.685030264012954,7.685030264012954,7.685030264012954,7.685030264012954,218,218,218,218,218,218,218,218,1.0,0.0,0.0,0.0,0.0,0.0,0.0,1.0,0.15,0.15,0.15,0.15,0.15,0.15,0.15,0.15,[0. 0. 0. 0. 0. 0. 0. 0. 0. 0. 0. 0.],[0. 0. 0. 0. 0. 0. 0. 0. 0. 0. 0. 0.],[0. 0. 0. 0. 0. 0. 0. 0. 0. 0. 0. 0.],[0. 0. 0. 0. 0. 0. 0. 0. 0. 0. 0. 0.],[0. 0. 0. 0. 0. 0. 0. 0. 0. 0. 0. 0.],[0. 0. 0. 0. 0. 0. 0. 0. 0. 0. 0. 0.],[0. 0. 0. 0. 0. 0. 0. 0. 0. 0. 0. 0.],[0. 0. 0. 0. 0. 0. 0. 0. 0. 0. 0. 0.],0.3,0.3,0.3,0.3,0.3,0.3,0.3,0.3,0.01,0.01,0.01,0.01,0.01,0.01,0.01,0.01,,,,,,,,
141,2,0.0,11.833333333333334,-48.333333333333336,15.666666666666666,3.3333333333333335,0.0,-50.0,2.1666666666666665,8.635760307312012,8.635760307312012,8.635760307312012,8.635760307312012,8.635760307312012,8.635760307312012,8.635760307312012,8.635760307312012,157,157,157,157,157,157,157,157,0.0,0.0,1.0,0.0,0.0,0.0,1.0,0.0,0.15,0.15,0.15,0.15,0.15,0.15,0.15,0.15,[0. 0. 0. 0. 0. 0. 0. 0. 0. 0. 0. 0.],[0. 0. 0. 0. 0. 0. 0. 0. 0. 0. 0. 0.],[0. 0. 0. 0. 0. 0. 0. 0. 0. 0. 0. 0.],[0. 0. 0. 0. 0. 0. 0. 0. 0. 0. 0. 0.],[0. 0. 0. 0. 0. 0. 0. 0. 0. 0. 0. 0.],[0. 0. 0. 0. 0. 0. 0. 0. 0. 0. 0. 0.],[0. 0. 0. 0. 0. 0. 0. 0. 0. 0. 0. 0.],[0. 0. 0. 0. 0. 0. 0. 0. 0. 0. 0. 0.],0.3,0.3,0.3,0.3,0.3,0.3,0.3,0.3,0.01,0.01,0.01,0.01,0.01,0.01,0.01,0.01,,,,,,,,
142,1,0.0,-100.0,11.5,-100.0,13.5,-70.0,7.0,-100.0,6.918834686279297,6.918834686279297,6.918834686279297,6.918834686279297,6.918834686279297,6.918834686279297,6.918834686279297,6.918834686279297,124,124,124,124,124,124,124,124,0.0,1.0,0.0,1.0,0.0,1.0,0.0,1.0,0.15,0.15,0.15,0.15,0.15,0.15,0.15,0.15,[0. 0. 0. 0. 0. 0. 0. 0. 0. 0. 0. 0.],[0. 0. 0. 0. 0. 0. 0. 0. 0. 0. 0. 0.],[0. 0. 0. 0. 0. 0. 0. 0. 0. 0. 0. 0.],[0. 0. 0. 0. 0. 0. 0. 0. 0. 0. 0. 0.],[0. 0. 0. 0. 0. 0. 0. 0. 0. 0. 0. 0.],[0. 0. 0. 0. 0. 0. 0. 0. 0. 0. 0. 0.],[0. 0. 0. 0. 0. 0. 0. 0. 0. 0. 0. 0.],[0. 0. 0. 0. 0. 0. 0. 0. 0. 0. 0. 0.],0.3,0.3,0.3,0.3,0.3,0.3,0.3,0.3,0.01,0.01,0.01,0.01,0.01,0.01,0.01,0.01,,,,,,,,
143,6,4.416666666666667,0.36666666666666664,-14.833333333333334,2.283333333333333,1.25,0.5,-16.583333333333332,0.23015873015873015,8.622797966003418,8.622797966003418,8.622797966003418,8.622797966003418,8.622797966003418,8.622797966003418,8.622797966003418,8.622797966003418,165,165,165,165,165,165,165,165,0.0,0.0,1.0,0.0,0.0,0.0,1.0,0.0,0.15,0.15,0.15,0.15,0.15,0.15,0.15,0.15,[0. 0. 0. 0. 0. 0. 0. 0. 0. 0. 0. 0.],[0. 0. 0. 0. 0. 0. 0. 0. 0. 0. 0. 0.],[0. 0. 0. 0. 0. 0. 0. 0. 0. 0. 0. 0.],[0. 0. 0. 0. 0. 0. 0. 0. 0. 0. 0. 0.],[0. 0. 0. 0. 0. 0. 0. 0. 0. 0. 0. 0.],[0. 0. 0. 0. 0. 0. 0. 0. 0. 0. 0. 0.],[0. 0. 0. 0. 0. 0. 0. 0. 0. 0. 0. 0.],[0. 0. 0. 0. 0. 0. 0. 0. 0. 0. 0. 0.],0.3,0.3,0.3,0.3,0.3,0.3,0.3,0.3,0.01,0.01,0.01,0.01,0.01,0.01,0.01,0.01,,,,,,,,
144,11,-7.924380165289256,0.4090909090909091,3.4827364554637286,1.7626262626262628,-8.590909090909092,0.393939393939394,0.0,0.0,8.867993701588023,8.867993701588023,8.867993701588023,8.867993701588023,8.867993701588023,8.867993701588023,8.867993701588023,8.867993701588023,201,201,201,201,201,201,201,201,1.0,0.0,0.0,0.0,1.0,0.0,0.0,0.0,0.15,0.15,0.15,0.15,0.15,0.15,0.15,0.15,[0. 0. 0. 0. 0. 0. 0. 0. 0. 0. 0. 0.],[0. 0. 0. 0. 0. 0. 0. 0. 0. 0. 0. 0.],[0. 0. 0. 0. 0. 0. 0. 0. 0. 0. 0. 0.],[0. 0. 0. 0. 0. 0. 0. 0. 0. 0. 0. 0.],[0. 0. 0. 0. 0. 0. 0. 0. 0. 0. 0. 0.],[0. 0. 0. 0. 0. 0. 0. 0. 0. 0. 0. 0.],[0. 0. 0. 0. 0. 0. 0. 0. 0. 0. 0. 0.],[0. 0. 0. 0. 0. 0. 0. 0. 0. 0. 0. 0.],0.3,0.3,0.3,0.3,0.3,0.3,0.3,0.3,0.01,0.01,0.01,0.01,0.01,0.01,0.01,0.01,,,,,,,,
145,19,1.138345864661654,0.06716791979949874,0.32793522267206476,0.16299651410454732,0.09398496240601503,1.4035087719298247,0.7807017543859649,0.3466241360978203,8.890291690826416,8.890291690826416,8.890291690826416,8.890291690826416,8.890291690826416,8.890291690826416,8.890291690826416,8.890291690826416,240,240,240,240,240,240,240,240,0.0,0.0,0.0,0.0,0.0,0.0,0.0,0.0,0.15,0.15,0.15,0.15,0.15,0.15,0.15,0.15,[0. 0. 0. 0. 0. 0. 0. 0. 0. 0. 0. 0.],[0. 0. 0. 0. 0. 0. 0. 0. 0. 0. 0. 0.],[0. 0. 0. 0. 0. 0. 0. 0. 0. 0. 0. 0.],[0. 0. 0. 0. 0. 0. 0. 0. 0. 0. 0. 0.],[0. 0. 0. 0. 0. 0. 0. 0. 0. 0. 0. 0.],[0. 0. 0. 0. 0. 0. 0. 0. 0. 0. 0. 0.],[0. 0. 0. 0. 0. 0. 0. 0. 0. 0. 0. 0.],[0. 0. 0. 0. 0. 0. 0. 0. 0. 0. 0. 0.],0.3,0.3,0.3,0.3,0.3,0.3,0.3,0.3,0.01,0.01,0.01,0.01,0.01,0.01,0.01,0.01,,,,,,,,
146,18,1.485858585858586,-4.444444444444445,1.041666603186211,0.48148148148148145,-5.527777777777778,0.25308641975308643,0.18055555555555555,0.0644570707070707,8.530076742172241,8.530076742172241,8.530076742172241,8.530076742172241,8.530076742172241,8.530076742172241,8.530076742172241,8.530076742172241,242,242,242,242,242,242,242,242,0.0,1.0,0.0,0.0,1.0,0.0,0.0,0.0,0.15,0.15,0.15,0.15,0.15,0.15,0.15,0.15,[0. 0. 0. 0. 0. 0. 0. 0. 0. 0. 0. 0.],[0. 0. 0. 0. 0. 0. 0. 0. 0. 0. 0. 0.],[0. 0. 0. 0. 0. 0. 0. 0. 0. 0. 0. 0.],[0. 0. 0. 0. 0. 0. 0. 0. 0. 0. 0. 0.],[0. 0. 0. 0. 0. 0. 0. 0. 0. 0. 0. 0.],[0. 0. 0. 0. 0. 0. 0. 0. 0. 0. 0. 0.],[0. 0. 0. 0. 0. 0. 0. 0. 0. 0. 0. 0.],[0. 0. 0. 0. 0. 0. 0. 0. 0. 0. 0. 0.],0.3,0.3,0.3,0.3,0.3,0.3,0.3,0.3,0.01,0.01,0.01,0.01,0.01,0.01,0.01,0.01,,,,,,,,
147,1,0.0,26.0,11.5,-97.5,0.0,2.5,0.0,-100.0,7.911761283874512,7.911761283874512,7.911761283874512,7.911761283874512,7.911761283874512,7.911761283874512,7.911761283874512,7.911761283874512,85,85,85,85,85,85,85,85,0.0,0.0,0.0,1.0,0.0,0.0,0.0,1.0,0.15,0.15,0.15,0.15,0.15,0.15,0.15,0.15,[0. 0. 0. 0. 0. 0. 0. 0. 0. 0. 0. 0.],[0. 0. 0. 0. 0. 0. 0. 0. 0. 0. 0. 0.],[0. 0. 0. 0. 0. 0. 0. 0. 0. 0. 0. 0.],[0. 0. 0. 0. 0. 0. 0. 0. 0. 0. 0. 0.],[0. 0. 0. 0. 0. 0. 0. 0. 0. 0. 0. 0.],[0. 0. 0. 0. 0. 0. 0. 0. 0. 0. 0. 0.],[0. 0. 0. 0. 0. 0. 0. 0. 0. 0. 0. 0.],[0. 0. 0. 0. 0. 0. 0. 0. 0. 0. 0. 0.],0.3,0.3,0.3,0.3,0.3,0.3,0.3,0.3,0.01,0.01,0.01,0.01,0.01,0.01,0.01,0.01,,,,,,,,
148,1,-64.5,-95.0,14.0,8.0,-100.0,-100.0,2.0,0.0,8.462589263916016,8.462589263916016,8.462589263916016,8.462589263916016,8.462589263916016,8.462589263916016,8.462589263916016,8.462589263916016,129,129,129,129,129,129,129,129,1.0,1.0,0.0,0.0,1.0,1.0,0.0,0.0,0.15,0.15,0.15,0.15,0.15,0.15,0.15,0.15,[0. 0. 0. 0. 0. 0. 0. 0. 0. 0. 0. 0.],[0. 0. 0. 0. 0. 0. 0. 0. 0. 0. 0. 0.],[0. 0. 0. 0. 0. 0. 0. 0. 0. 0. 0. 0.],[0. 0. 0. 0. 0. 0. 0. 0. 0. 0. 0. 0.],[0. 0. 0. 0. 0. 0. 0. 0. 0. 0. 0. 0.],[0. 0. 0. 0. 0. 0. 0. 0. 0. 0. 0. 0.],[0. 0. 0. 0. 0. 0. 0. 0. 0. 0. 0. 0.],[0. 0. 0. 0. 0. 0. 0. 0. 0. 0. 0. 0.],0.3,0.3,0.3,0.3,0.3,0.3,0.3,0.3,0.01,0.01,0.01,0.01,0.01,0.01,0.01,0.01,,,,,,,,
149,25,-3.235095238095238,1.1233333333333335,0.6383333333333333,0.06,0.71,0.035076923076923075,-4.0,0.08876714975845411,8.662405109405517,8.662405109405517,8.662405109405517,8.662405109405517,8.662405109405517,8.662405109405517,8.662405109405517,8.662405109405517,239,239,239,239,239,239,239,239,1.0,0.0,0.0,0.0,0.0,0.0,1.0,0.0,0.15,0.15,0.15,0.15,0.15,0.15,0.15,0.15,[0. 0. 0. 0. 0. 0. 0. 0. 0. 0. 0. 0.],[0. 0. 0. 0. 0. 0. 0. 0. 0. 0. 0. 0.],[0. 0. 0. 0. 0. 0. 0. 0. 0. 0. 0. 0.],[0. 0. 0. 0. 0. 0. 0. 0. 0. 0. 0. 0.],[0. 0. 0. 0. 0. 0. 0. 0. 0. 0. 0. 0.],[0. 0. 0. 0. 0. 0. 0. 0. 0. 0. 0. 0.],[0. 0. 0. 0. 0. 0. 0. 0. 0. 0. 0. 0.],[0. 0. 0. 0. 0. 0. 0. 0. 0. 0. 0. 0.],0.3,0.3,0.3,0.3,0.3,0.3,0.3,0.3,0.01,0.01,0.01,0.01,0.01,0.01,0.01,0.01,,,,,,,,
150,1,29.0,12.5,-94.0,15.5,6.0,4.5,-100.0,5.5,7.435251235961914,7.435251235961914,7.435251235961914,7.435251235961914,7.435251235961914,7.435251235961914,7.435251235961914,7.435251235961914,158,158,158,158,158,158,158,158,0.0,0.0,1.0,0.0,0.0,0.0,1.0,0.0,0.15,0.15,0.15,0.15,0.15,0.15,0.15,0.15,[0. 0. 0. 0. 0. 0. 0. 0. 0. 0. 0. 0.],[0. 0. 0. 0. 0. 0. 0. 0. 0. 0. 0. 0.],[0. 0. 0. 0. 0. 0. 0. 0. 0. 0. 0. 0.],[0. 0. 0. 0. 0. 0. 0. 0. 0. 0. 0. 0.],[0. 0. 0. 0. 0. 0. 0. 0. 0. 0. 0. 0.],[0. 0. 0. 0. 0. 0. 0. 0. 0. 0. 0. 0.],[0. 0. 0. 0. 0. 0. 0. 0. 0. 0. 0. 0.],[0. 0. 0. 0. 0. 0. 0. 0. 0. 0. 0. 0.],0.3,0.3,0.3,0.3,0.3,0.3,0.3,0.3,0.01,0.01,0.01,0.01,0.01,0.01,0.01,0.01,,,,,,,,
151,1,0.0,0.0,-66.0,11.5,0.0,6.5,-84.0,0.0,8.93513298034668,8.93513298034668,8.93513298034668,8.93513298034668,8.93513298034668,8.93513298034668,8.93513298034668,8.93513298034668,136,136,136,136,136,136,136,136,0.0,0.0,1.0,0.0,0.0,0.0,1.0,0.0,0.15,0.15,0.15,0.15,0.15,0.15,0.15,0.15,[0. 0. 0. 0. 0. 0. 0. 0. 0. 0. 0. 0.],[0. 0. 0. 0. 0. 0. 0. 0. 0. 0. 0. 0.],[0. 0. 0. 0. 0. 0. 0. 0. 0. 0. 0. 0.],[0. 0. 0. 0. 0. 0. 0. 0. 0. 0. 0. 0.],[0. 0. 0. 0. 0. 0. 0. 0. 0. 0. 0. 0.],[0. 0. 0. 0. 0. 0. 0. 0. 0. 0. 0. 0.],[0. 0. 0. 0. 0. 0. 0. 0. 0. 0. 0. 0.],[0. 0. 0. 0. 0. 0. 0. 0. 0. 0. 0. 0.],0.3,0.3,0.3,0.3,0.3,0.3,0.3,0.3,0.01,0.01,0.01,0.01,0.01,0.01,0.01,0.01,,,,,,,,
152,2,14.666666666666666,-38.166666666666664,-44.75,0.0,0.9166666666666666,-48.5,-49.0,1.0,9.416044235229492,9.416044235229492,9.416044235229492,9.416044235229492,9.416044235229492,9.416044235229492,9.416044235229492,9.416044235229492,149,149,149,149,149,149,149,149,0.0,1.0,1.0,0.0,0.0,1.0,1.0,0.0,0.15,0.15,0.15,0.15,0.15,0.15,0.15,0.15,[0. 0. 0. 0. 0. 0. 0. 0. 0. 0. 0. 0.],[0. 0. 0. 0. 0. 0. 0. 0. 0. 0. 0. 0.],[0. 0. 0. 0. 0. 0. 0. 0. 0. 0. 0. 0.],[0. 0. 0. 0. 0. 0. 0. 0. 0. 0. 0. 0.],[0. 0. 0. 0. 0. 0. 0. 0. 0. 0. 0. 0.],[0. 0. 0. 0. 0. 0. 0. 0. 0. 0. 0. 0.],[0. 0. 0. 0. 0. 0. 0. 0. 0. 0. 0. 0.],[0. 0. 0. 0. 0. 0. 0. 0. 0. 0. 0. 0.],0.3,0.3,0.3,0.3,0.3,0.3,0.3,0.3,0.01,0.01,0.01,0.01,0.01,0.01,0.01,0.01,,,,,,,,
153,1,11.0,0.0,-83.5,0.0,0.5,30.5,-100.0,0.0,9.695545196533203,9.695545196533203,9.695545196533203,9.695545196533203,9.695545196533203,9.695545196533203,9.695545196533203,9.695545196533203,117,117,117,117,117,117,117,117,0.0,0.0,1.0,0.0,0.0,0.0,1.0,0.0,0.15,0.15,0.15,0.15,0.15,0.15,0.15,0.15,[0. 0. 0. 0. 0. 0. 0. 0. 0. 0. 0. 0.],[0. 0. 0. 0. 0. 0. 0. 0. 0. 0. 0. 0.],[0. 0. 0. 0. 0. 0. 0. 0. 0. 0. 0. 0.],[0. 0. 0. 0. 0. 0. 0. 0. 0. 0. 0. 0.],[0. 0. 0. 0. 0. 0. 0. 0. 0. 0. 0. 0.],[0. 0. 0. 0. 0. 0. 0. 0. 0. 0. 0. 0.],[0. 0. 0. 0. 0. 0. 0. 0. 0. 0. 0. 0.],[0. 0. 0. 0. 0. 0. 0. 0. 0. 0. 0. 0.],0.3,0.3,0.3,0.3,0.3,0.3,0.3,0.3,0.01,0.01,0.01,0.01,0.01,0.01,0.01,0.01,,,,,,,,
154,1,25.5,-80.5,0.0,3.5,4.5,-93.0,0.0,7.0,10.447355270385742,10.447355270385742,10.447355270385742,10.447355270385742,10.447355270385742,10.447355270385742,10.447355270385742,10.447355270385742,134,134,134,134,134,134,134,134,0.0,1.0,0.0,0.0,0.0,1.0,0.0,0.0,0.15,0.15,0.15,0.15,0.15,0.15,0.15,0.15,[0. 0. 0. 0. 0. 0. 0. 0. 0. 0. 0. 0.],[0. 0. 0. 0. 0. 0. 0. 0. 0. 0. 0. 0.],[0. 0. 0. 0. 0. 0. 0. 0. 0. 0. 0. 0.],[0. 0. 0. 0. 0. 0. 0. 0. 0. 0. 0. 0.],[0. 0. 0. 0. 0. 0. 0. 0. 0. 0. 0. 0.],[0. 0. 0. 0. 0. 0. 0. 0. 0. 0. 0. 0.],[0. 0. 0. 0. 0. 0. 0. 0. 0. 0. 0. 0.],[0. 0. 0. 0. 0. 0. 0. 0. 0. 0. 0. 0.],0.3,0.3,0.3,0.3,0.3,0.3,0.3,0.3,0.01,0.01,0.01,0.01,0.01,0.01,0.01,0.01,,,,,,,,
155,2,14.5,7.0,0.6666666666666666,-50.0,12.333333333333334,0.75,0.0,-50.0,8.135302066802979,8.135302066802979,8.135302066802979,8.135302066802979,8.135302066802979,8.135302066802979,8.135302066802979,8.135302066802979,147,147,147,147,147,147,147,147,0.0,0.0,0.0,1.0,0.0,0.0,0.0,1.0,0.15,0.15,0.15,0.15,0.15,0.15,0.15,0.15,[0. 0. 0. 0. 0. 0. 0. 0. 0. 0. 0. 0.],[0. 0. 0. 0. 0. 0. 0. 0. 0. 0. 0. 0.],[0. 0. 0. 0. 0. 0. 0. 0. 0. 0. 0. 0.],[0. 0. 0. 0. 0. 0. 0. 0. 0. 0. 0. 0.],[0. 0. 0. 0. 0. 0. 0. 0. 0. 0. 0. 0.],[0. 0. 0. 0. 0. 0. 0. 0. 0. 0. 0. 0.],[0. 0. 0. 0. 0. 0. 0. 0. 0. 0. 0. 0.],[0. 0. 0. 0. 0. 0. 0. 0. 0. 0. 0. 0.],0.3,0.3,0.3,0.3,0.3,0.3,0.3,0.3,0.01,0.01,0.01,0.01,0.01,0.01,0.01,0.01,,,,,,,,
156,7,-14.285714285714286,0.5459183673469388,6.093537414965986,0.05357142857142857,-12.928571428571429,0.8035714285714286,0.29523809523809524,1.5,8.26644652230399,8.26644652230399,8.26644652230399,8.26644652230399,8.26644652230399,8.26644652230399,8.26644652230399,8.26644652230399,188,188,188,188,188,188,188,188,1.0,0.0,0.0,0.0,1.0,0.0,0.0,0.0,0.15,0.15,0.15,0.15,0.15,0.15,0.15,0.15,[0. 0. 0. 0. 0. 0. 0. 0. 0. 0. 0. 0.],[0. 0. 0. 0. 0. 0. 0. 0. 0. 0. 0. 0.],[0. 0. 0. 0. 0. 0. 0. 0. 0. 0. 0. 0.],[0. 0. 0. 0. 0. 0. 0. 0. 0. 0. 0. 0.],[0. 0. 0. 0. 0. 0. 0. 0. 0. 0. 0. 0.],[0. 0. 0. 0. 0. 0. 0. 0. 0. 0. 0. 0.],[0. 0. 0. 0. 0. 0. 0. 0. 0. 0. 0. 0.],[0. 0. 0. 0. 0. 0. 0. 0. 0. 0. 0. 0.],0.3,0.3,0.3,0.3,0.3,0.3,0.3,0.3,0.01,0.01,0.01,0.01,0.01,0.01,0.01,0.01,,,,,,,,
157,32,0.07916124284642086,0.06770833333333334,0.18933712121212123,0.06696428571428571,0.8711309523809523,0.5872395833333333,0.36075367647058826,0.29851973684210525,8.428702369332314,8.428702369332314,8.428702369332314,8.428702369332314,8.428702369332314,8.428702369332314,8.428702369332314,8.428702369332314,267,267,267,267,267,267,267,267,0.0,0.0,0.0,0.0,0.0,0.0,0.0,0.0,0.15,0.15,0.15,0.15,0.15,0.15,0.15,0.15,[0. 0. 0. 0. 0. 0. 0. 0. 0. 0. 0. 0.],[0. 0. 0. 0. 0. 0. 0. 0. 0. 0. 0. 0.],[0. 0. 0. 0. 0. 0. 0. 0. 0. 0. 0. 0.],[0. 0. 0. 0. 0. 0. 0. 0. 0. 0. 0. 0.],[0. 0. 0. 0. 0. 0. 0. 0. 0. 0. 0. 0.],[0. 0. 0. 0. 0. 0. 0. 0. 0. 0. 0. 0.],[0. 0. 0. 0. 0. 0. 0. 0. 0. 0. 0. 0.],[0. 0. 0. 0. 0. 0. 0. 0. 0. 0. 0. 0.],0.3,0.3,0.3,0.3,0.3,0.3,0.3,0.3,0.01,0.01,0.01,0.01,0.01,0.01,0.01,0.01,,,,,,,,
158,2,6.833333333333333,1.1666666666666667,-47.583333333333336,0.0,0.5,13.5,-39.25,0.5,9.910474300384521,9.910474300384521,9.910474300384521,9.910474300384521,9.910474300384521,9.910474300384521,9.910474300384521,9.910474300384521,151,151,151,151,151,151,151,151,0.0,0.0,1.0,0.0,0.0,0.0,1.0,0.0,0.15,0.15,0.15,0.15,0.15,0.15,0.15,0.15,[0. 0. 0. 0. 0. 0. 0. 0. 0. 0. 0. 0.],[0. 0. 0. 0. 0. 0. 0. 0. 0. 0. 0. 0.],[0. 0. 0. 0. 0. 0. 0. 0. 0. 0. 0. 0.],[0. 0. 0. 0. 0. 0. 0. 0. 0. 0. 0. 0.],[0. 0. 0. 0. 0. 0. 0. 0. 0. 0. 0. 0.],[0. 0. 0. 0. 0. 0. 0. 0. 0. 0. 0. 0.],[0. 0. 0. 0. 0. 0. 0. 0. 0. 0. 0. 0.],[0. 0. 0. 0. 0. 0. 0. 0. 0. 0. 0. 0.],0.3,0.3,0.3,0.3,0.3,0.3,0.3,0.3,0.01,0.01,0.01,0.01,0.01,0.01,0.01,0.01,,,,,,,,
159,2,1.0,16.0,-40.25,6.333333333333333,2.25,3.5,-49.5,0.0,9.311998844146729,9.311998844146729,9.311998844146729,9.311998844146729,9.311998844146729,9.311998844146729,9.311998844146729,9.311998844146729,160,160,160,160,160,160,160,160,0.0,0.0,1.0,0.0,0.0,0.0,1.0,0.0,0.15,0.15,0.15,0.15,0.15,0.15,0.15,0.15,[0. 0. 0. 0. 0. 0. 0. 0. 0. 0. 0. 0.],[0. 0. 0. 0. 0. 0. 0. 0. 0. 0. 0. 0.],[0. 0. 0. 0. 0. 0. 0. 0. 0. 0. 0. 0.],[0. 0. 0. 0. 0. 0. 0. 0. 0. 0. 0. 0.],[0. 0. 0. 0. 0. 0. 0. 0. 0. 0. 0. 0.],[0. 0. 0. 0. 0. 0. 0. 0. 0. 0. 0. 0.],[0. 0. 0. 0. 0. 0. 0. 0. 0. 0. 0. 0.],[0. 0. 0. 0. 0. 0. 0. 0. 0. 0. 0. 0.],0.3,0.3,0.3,0.3,0.3,0.3,0.3,0.3,0.01,0.01,0.01,0.01,0.01,0.01,0.01,0.01,,,,,,,,
160,1,0.0,21.0,-100.0,3.5,0.0,27.0,-98.0,8.0,10.232949256896973,10.232949256896973,10.232949256896973,10.232949256896973,10.232949256896973,10.232949256896973,10.232949256896973,10.232949256896973,123,123,123,123,123,123,123,123,0.0,0.0,1.0,0.0,0.0,0.0,1.0,0.0,0.15,0.15,0.15,0.15,0.15,0.15,0.15,0.15,[0. 0. 0. 0. 0. 0. 0. 0. 0. 0. 0. 0.],[0. 0. 0. 0. 0. 0. 0. 0. 0. 0. 0. 0.],[0. 0. 0. 0. 0. 0. 0. 0. 0. 0. 0. 0.],[0. 0. 0. 0. 0. 0. 0. 0. 0. 0. 0. 0.],[0. 0. 0. 0. 0. 0. 0. 0. 0. 0. 0. 0.],[0. 0. 0. 0. 0. 0. 0. 0. 0. 0. 0. 0.],[0. 0. 0. 0. 0. 0. 0. 0. 0. 0. 0. 0.],[0. 0. 0. 0. 0. 0. 0. 0. 0. 0. 0. 0.],0.3,0.3,0.3,0.3,0.3,0.3,0.3,0.3,0.01,0.01,0.01,0.01,0.01,0.01,0.01,0.01,,,,,,,,
161,11,3.18030303030303,0.14444444444444443,-8.894834710743801,1.353896103896104,1.4545454545454546,0.568903318903319,-9.090909090909092,0.03636363636363637,9.080060438676314,9.080060438676314,9.080060438676314,9.080060438676314,9.080060438676314,9.080060438676314,9.080060438676314,9.080060438676314,222,222,222,222,222,222,222,222,0.0,0.0,1.0,0.0,0.0,0.0,1.0,0.0,0.15,0.15,0.15,0.15,0.15,0.15,0.15,0.15,[0. 0. 0. 0. 0. 0. 0. 0. 0. 0. 0. 0.],[0. 0. 0. 0. 0. 0. 0. 0. 0. 0. 0. 0.],[0. 0. 0. 0. 0. 0. 0. 0. 0. 0. 0. 0.],[0. 0. 0. 0. 0. 0. 0. 0. 0. 0. 0. 0.],[0. 0. 0. 0. 0. 0. 0. 0. 0. 0. 0. 0.],[0. 0. 0. 0. 0. 0. 0. 0. 0. 0. 0. 0.],[0. 0. 0. 0. 0. 0. 0. 0. 0. 0. 0. 0.],[0. 0. 0. 0. 0. 0. 0. 0. 0. 0. 0. 0.],0.3,0.3,0.3,0.3,0.3,0.3,0.3,0.3,0.01,0.01,0.01,0.01,0.01,0.01,0.01,0.01,,,,,,,,
162,2,6.833333333333333,16.0,-48.75,0.0,0.0,2.6666666666666665,-42.0,0.0,9.364197731018066,9.364197731018066,9.364197731018066,9.364197731018066,9.364197731018066,9.364197731018066,9.364197731018066,9.364197731018066,140,140,140,140,140,140,140,140,0.0,0.0,1.0,0.0,0.0,0.0,1.0,0.0,0.15,0.15,0.15,0.15,0.15,0.15,0.15,0.15,[0. 0. 0. 0. 0. 0. 0. 0. 0. 0. 0. 0.],[0. 0. 0. 0. 0. 0. 0. 0. 0. 0. 0. 0.],[0. 0. 0. 0. 0. 0. 0. 0. 0. 0. 0. 0.],[0. 0. 0. 0. 0. 0. 0. 0. 0. 0. 0. 0.],[0. 0. 0. 0. 0. 0. 0. 0. 0. 0. 0. 0.],[0. 0. 0. 0. 0. 0. 0. 0. 0. 0. 0. 0.],[0. 0. 0. 0. 0. 0. 0. 0. 0. 0. 0. 0.],[0. 0. 0. 0. 0. 0. 0. 0. 0. 0. 0. 0.],0.3,0.3,0.3,0.3,0.3,0.3,0.3,0.3,0.01,0.01,0.01,0.01,0.01,0.01,0.01,0.01,,,,,,,,
163,2,12.75,-47.333333333333336,0.0,0.0,0.5,-50.0,9.5,0.0,9.741857051849365,9.741857051849365,9.741857051849365,9.741857051849365,9.741857051849365,9.741857051849365,9.741857051849365,9.741857051849365,119,119,119,119,119,119,119,119,0.0,1.0,0.0,0.0,0.0,1.0,0.0,0.0,0.15,0.15,0.15,0.15,0.15,0.15,0.15,0.15,[0. 0. 0. 0. 0. 0. 0. 0. 0. 0. 0. 0.],[0. 0. 0. 0. 0. 0. 0. 0. 0. 0. 0. 0.],[0. 0. 0. 0. 0. 0. 0. 0. 0. 0. 0. 0.],[0. 0. 0. 0. 0. 0. 0. 0. 0. 0. 0. 0.],[0. 0. 0. 0. 0. 0. 0. 0. 0. 0. 0. 0.],[0. 0. 0. 0. 0. 0. 0. 0. 0. 0. 0. 0.],[0. 0. 0. 0. 0. 0. 0. 0. 0. 0. 0. 0.],[0. 0. 0. 0. 0. 0. 0. 0. 0. 0. 0. 0.],0.3,0.3,0.3,0.3,0.3,0.3,0.3,0.3,0.01,0.01,0.01,0.01,0.01,0.01,0.01,0.01,,,,,,,,
164,1,-81.5,2.0,0.0,0.5,-100.0,0.0,34.0,3.5,9.653389930725098,9.653389930725098,9.653389930725098,9.653389930725098,9.653389930725098,9.653389930725098,9.653389930725098,9.653389930725098,117,117,117,117,117,117,117,117,1.0,0.0,0.0,0.0,1.0,0.0,0.0,0.0,0.15,0.15,0.15,0.15,0.15,0.15,0.15,0.15,[0. 0. 0. 0. 0. 0. 0. 0. 0. 0. 0. 0.],[0. 0. 0. 0. 0. 0. 0. 0. 0. 0. 0. 0.],[0. 0. 0. 0. 0. 0. 0. 0. 0. 0. 0. 0.],[0. 0. 0. 0. 0. 0. 0. 0. 0. 0. 0. 0.],[0. 0. 0. 0. 0. 0. 0. 0. 0. 0. 0. 0.],[0. 0. 0. 0. 0. 0. 0. 0. 0. 0. 0. 0.],[0. 0. 0. 0. 0. 0. 0. 0. 0. 0. 0. 0.],[0. 0. 0. 0. 0. 0. 0. 0. 0. 0. 0. 0.],0.3,0.3,0.3,0.3,0.3,0.3,0.3,0.3,0.01,0.01,0.01,0.01,0.01,0.01,0.01,0.01,,,,,,,,
165,34,0.5079008073817761,0.42213212689555396,0.06399923605805957,0.28088235294117647,0.019607843137254905,0.2558823529411765,0.4411764705882353,0.2334221675768271,8.847578595666324,8.847578595666324,8.847578595666324,8.847578595666324,8.847578595666324,8.847578595666324,8.847578595666324,8.847578595666324,280,280,280,280,280,280,280,280,0.0,0.0,0.0,0.0,0.0,0.0,0.0,0.0,0.15,0.15,0.15,0.15,0.15,0.15,0.15,0.15,[0. 0. 0. 0. 0. 0. 0. 0. 0. 0. 0. 0.],[0. 0. 0. 0. 0. 0. 0. 0. 0. 0. 0. 0.],[0. 0. 0. 0. 0. 0. 0. 0. 0. 0. 0. 0.],[0. 0. 0. 0. 0. 0. 0. 0. 0. 0. 0. 0.],[0. 0. 0. 0. 0. 0. 0. 0. 0. 0. 0. 0.],[0. 0. 0. 0. 0. 0. 0. 0. 0. 0. 0. 0.],[0. 0. 0. 0. 0. 0. 0. 0. 0. 0. 0. 0.],[0. 0. 0. 0. 0. 0. 0. 0. 0. 0. 0. 0.],0.3,0.3,0.3,0.3,0.3,0.3,0.3,0.3,0.01,0.01,0.01,0.01,0.01,0.01,0.01,0.01,,,,,,,,
166,7,2.8428571428571425,0.6678571428571428,-13.757142857142856,5.051020408163265,0.0,0.21428571428571427,-13.657142857142857,0.7619047619047619,9.742188385554723,9.742188385554723,9.742188385554723,9.742188385554723,9.742188385554723,9.742188385554723,9.742188385554723,9.742188385554723,195,195,195,195,195,195,195,195,0.0,0.0,1.0,0.0,0.0,0.0,1.0,0.0,0.15,0.15,0.15,0.15,0.15,0.15,0.15,0.15,[0. 0. 0. 0. 0. 0. 0. 0. 0. 0. 0. 0.],[0. 0. 0. 0. 0. 0. 0. 0. 0. 0. 0. 0.],[0. 0. 0. 0. 0. 0. 0. 0. 0. 0. 0. 0.],[0. 0. 0. 0. 0. 0. 0. 0. 0. 0. 0. 0.],[0. 0. 0. 0. 0. 0. 0. 0. 0. 0. 0. 0.],[0. 0. 0. 0. 0. 0. 0. 0. 0. 0. 0. 0.],[0. 0. 0. 0. 0. 0. 0. 0. 0. 0. 0. 0.],[0. 0. 0. 0. 0. 0. 0. 0. 0. 0. 0. 0.],0.3,0.3,0.3,0.3,0.3,0.3,0.3,0.3,0.01,0.01,0.01,0.01,0.01,0.01,0.01,0.01,,,,,,,,
167,1,0.0,13.0,-67.5,4.0,0.0,1.0,-100.0,0.0,6.891657829284668,6.891657829284668,6.891657829284668,6.891657829284668,6.891657829284668,6.891657829284668,6.891657829284668,6.891657829284668,101,101,101,101,101,101,101,101,0.0,0.0,1.0,0.0,0.0,0.0,1.0,0.0,0.15,0.15,0.15,0.15,0.15,0.15,0.15,0.15,[0. 0. 0. 0. 0. 0. 0. 0. 0. 0. 0. 0.],[0. 0. 0. 0. 0. 0. 0. 0. 0. 0. 0. 0.],[0. 0. 0. 0. 0. 0. 0. 0. 0. 0. 0. 0.],[0. 0. 0. 0. 0. 0. 0. 0. 0. 0. 0. 0.],[0. 0. 0. 0. 0. 0. 0. 0. 0. 0. 0. 0.],[0. 0. 0. 0. 0. 0. 0. 0. 0. 0. 0. 0.],[0. 0. 0. 0. 0. 0. 0. 0. 0. 0. 0. 0.],[0. 0. 0. 0. 0. 0. 0. 0. 0. 0. 0. 0.],0.3,0.3,0.3,0.3,0.3,0.3,0.3,0.3,0.01,0.01,0.01,0.01,0.01,0.01,0.01,0.01,,,,,,,,
168,20,0.8716666666666667,0.2725252525252525,0.04833333333333333,0.6393620268620268,0.4291666666666667,0.0,1.362142857142857,0.20404761904761903,8.60697693824768,8.60697693824768,8.60697693824768,8.60697693824768,8.60697693824768,8.60697693824768,8.60697693824768,8.60697693824768,256,256,256,256,256,256,256,256,0.0,0.0,0.0,0.0,0.0,0.0,0.0,0.0,0.15,0.15,0.15,0.15,0.15,0.15,0.15,0.15,[0. 0. 0. 0. 0. 0. 0. 0. 0. 0. 0. 0.],[0. 0. 0. 0. 0. 0. 0. 0. 0. 0. 0. 0.],[0. 0. 0. 0. 0. 0. 0. 0. 0. 0. 0. 0.],[0. 0. 0. 0. 0. 0. 0. 0. 0. 0. 0. 0.],[0. 0. 0. 0. 0. 0. 0. 0. 0. 0. 0. 0.],[0. 0. 0. 0. 0. 0. 0. 0. 0. 0. 0. 0.],[0. 0. 0. 0. 0. 0. 0. 0. 0. 0. 0. 0.],[0. 0. 0. 0. 0. 0. 0. 0. 0. 0. 0. 0.],0.3,0.3,0.3,0.3,0.3,0.3,0.3,0.3,0.01,0.01,0.01,0.01,0.01,0.01,0.01,0.01,,,,,,,,
169,2,16.0,3.75,0.0,-50.0,9.333333333333334,0.0,2.0833333333333335,-48.083333333333336,8.379969596862793,8.379969596862793,8.379969596862793,8.379969596862793,8.379969596862793,8.379969596862793,8.379969596862793,8.379969596862793,140,140,140,140,140,140,140,140,0.0,0.0,0.0,1.0,0.0,0.0,0.0,1.0,0.15,0.15,0.15,0.15,0.15,0.15,0.15,0.15,[0. 0. 0. 0. 0. 0. 0. 0. 0. 0. 0. 0.],[0. 0. 0. 0. 0. 0. 0. 0. 0. 0. 0. 0.],[0. 0. 0. 0. 0. 0. 0. 0. 0. 0. 0. 0.],[0. 0. 0. 0. 0. 0. 0. 0. 0. 0. 0. 0.],[0. 0. 0. 0. 0. 0. 0. 0. 0. 0. 0. 0.],[0. 0. 0. 0. 0. 0. 0. 0. 0. 0. 0. 0.],[0. 0. 0. 0. 0. 0. 0. 0. 0. 0. 0. 0.],[0. 0. 0. 0. 0. 0. 0. 0. 0. 0. 0. 0.],0.3,0.3,0.3,0.3,0.3,0.3,0.3,0.3,0.01,0.01,0.01,0.01,0.01,0.01,0.01,0.01,,,,,,,,
170,13,1.446403596403597,2.217954694877772,0.15714285714285714,0.04038461538461539,0.3538461538461538,1.2435897435897436,0.41789321789321787,0.5512820512820513,8.85405236024123,8.85405236024123,8.85405236024123,8.85405236024123,8.85405236024123,8.85405236024123,8.85405236024123,8.85405236024123,263,263,263,263,263,263,263,263,0.0,0.0,0.0,0.0,0.0,0.0,0.0,0.0,0.15,0.15,0.15,0.15,0.15,0.15,0.15,0.15,[0. 0. 0. 0. 0. 0. 0. 0. 0. 0. 0. 0.],[0. 0. 0. 0. 0. 0. 0. 0. 0. 0. 0. 0.],[0. 0. 0. 0. 0. 0. 0. 0. 0. 0. 0. 0.],[0. 0. 0. 0. 0. 0. 0. 0. 0. 0. 0. 0.],[0. 0. 0. 0. 0. 0. 0. 0. 0. 0. 0. 0.],[0. 0. 0. 0. 0. 0. 0. 0. 0. 0. 0. 0.],[0. 0. 0. 0. 0. 0. 0. 0. 0. 0. 0. 0.],[0. 0. 0. 0. 0. 0. 0. 0. 0. 0. 0. 0.],0.3,0.3,0.3,0.3,0.3,0.3,0.3,0.3,0.01,0.01,0.01,0.01,0.01,0.01,0.01,0.01,,,,,,,,
171,1,-64.5,-83.0,-98.5,0.0,-100.0,-100.0,-100.0,0.0,10.848442077636719,10.848442077636719,10.848442077636719,10.848442077636719,10.848442077636719,10.848442077636719,10.848442077636719,10.848442077636719,108,108,108,108,108,108,108,108,1.0,1.0,1.0,0.0,1.0,1.0,1.0,0.0,0.15,0.15,0.15,0.15,0.15,0.15,0.15,0.15,[0. 0. 0. 0. 0. 0. 0. 0. 0. 0. 0. 0.],[0. 0. 0. 0. 0. 0. 0. 0. 0. 0. 0. 0.],[0. 0. 0. 0. 0. 0. 0. 0. 0. 0. 0. 0.],[0. 0. 0. 0. 0. 0. 0. 0. 0. 0. 0. 0.],[0. 0. 0. 0. 0. 0. 0. 0. 0. 0. 0. 0.],[0. 0. 0. 0. 0. 0. 0. 0. 0. 0. 0. 0.],[0. 0. 0. 0. 0. 0. 0. 0. 0. 0. 0. 0.],[0. 0. 0. 0. 0. 0. 0. 0. 0. 0. 0. 0.],0.3,0.3,0.3,0.3,0.3,0.3,0.3,0.3,0.01,0.01,0.01,0.01,0.01,0.01,0.01,0.01,,,,,,,,
172,46,0.6520518129213781,0.18747987559141194,0.2717995169082125,0.391304347826087,0.05849802371541502,0.19999999999999998,0.014492753623188404,0.0312981806968856,9.577303015667459,9.577303015667459,9.577303015667459,9.577303015667459,9.577303015667459,9.577303015667459,9.577303015667459,9.577303015667459,276,276,276,276,276,276,276,276,0.0,0.0,0.0,0.0,0.0,0.0,0.0,0.0,0.15,0.15,0.15,0.15,0.15,0.15,0.15,0.15,[0. 0. 0. 0. 0. 0. 0. 0. 0. 0. 0. 0.],[0. 0. 0. 0. 0. 0. 0. 0. 0. 0. 0. 0.],[0. 0. 0. 0. 0. 0. 0. 0. 0. 0. 0. 0.],[0. 0. 0. 0. 0. 0. 0. 0. 0. 0. 0. 0.],[0. 0. 0. 0. 0. 0. 0. 0. 0. 0. 0. 0.],[0. 0. 0. 0. 0. 0. 0. 0. 0. 0. 0. 0.],[0. 0. 0. 0. 0. 0. 0. 0. 0. 0. 0. 0.],[0. 0. 0. 0. 0. 0. 0. 0. 0. 0. 0. 0.],0.3,0.3,0.3,0.3,0.3,0.3,0.3,0.3,0.01,0.01,0.01,0.01,0.01,0.01,0.01,0.01,,,,,,,,
173,1,0.0,26.0,-100.0,-92.5,0.0,7.5,-83.5,-100.0,8.190834045410156,8.190834045410156,8.190834045410156,8.190834045410156,8.190834045410156,8.190834045410156,8.190834045410156,8.190834045410156,115,115,115,115,115,115,115,115,0.0,0.0,1.0,1.0,0.0,0.0,1.0,1.0,0.15,0.15,0.15,0.15,0.15,0.15,0.15,0.15,[0. 0. 0. 0. 0. 0. 0. 0. 0. 0. 0. 0.],[0. 0. 0. 0. 0. 0. 0. 0. 0. 0. 0. 0.],[0. 0. 0. 0. 0. 0. 0. 0. 0. 0. 0. 0.],[0. 0. 0. 0. 0. 0. 0. 0. 0. 0. 0. 0.],[0. 0. 0. 0. 0. 0. 0. 0. 0. 0. 0. 0.],[0. 0. 0. 0. 0. 0. 0. 0. 0. 0. 0. 0.],[0. 0. 0. 0. 0. 0. 0. 0. 0. 0. 0. 0.],[0. 0. 0. 0. 0. 0. 0. 0. 0. 0. 0. 0.],0.3,0.3,0.3,0.3,0.3,0.3,0.3,0.3,0.01,0.01,0.01,0.01,0.01,0.01,0.01,0.01,,,,,,,,
174,1,0.0,0.0,34.5,-100.0,0.0,0.0,17.0,-96.0,9.384795188903809,9.384795188903809,9.384795188903809,9.384795188903809,9.384795188903809,9.384795188903809,9.384795188903809,9.384795188903809,111,111,111,111,111,111,111,111,0.0,0.0,0.0,1.0,0.0,0.0,0.0,1.0,0.15,0.15,0.15,0.15,0.15,0.15,0.15,0.15,[0. 0. 0. 0. 0. 0. 0. 0. 0. 0. 0. 0.],[0. 0. 0. 0. 0. 0. 0. 0. 0. 0. 0. 0.],[0. 0. 0. 0. 0. 0. 0. 0. 0. 0. 0. 0.],[0. 0. 0. 0. 0. 0. 0. 0. 0. 0. 0. 0.],[0. 0. 0. 0. 0. 0. 0. 0. 0. 0. 0. 0.],[0. 0. 0. 0. 0. 0. 0. 0. 0. 0. 0. 0.],[0. 0. 0. 0. 0. 0. 0. 0. 0. 0. 0. 0.],[0. 0. 0. 0. 0. 0. 0. 0. 0. 0. 0. 0.],0.3,0.3,0.3,0.3,0.3,0.3,0.3,0.3,0.01,0.01,0.01,0.01,0.01,0.01,0.01,0.01,,,,,,,,
175,1,11.0,32.5,-82.0,0.0,0.0,0.0,-95.5,4.5,11.103778839111328,11.103778839111328,11.103778839111328,11.103778839111328,11.103778839111328,11.103778839111328,11.103778839111328,11.103778839111328,141,141,141,141,141,141,141,141,0.0,0.0,1.0,0.0,0.0,0.0,1.0,0.0,0.15,0.15,0.15,0.15,0.15,0.15,0.15,0.15,[0. 0. 0. 0. 0. 0. 0. 0. 0. 0. 0. 0.],[0. 0. 0. 0. 0. 0. 0. 0. 0. 0. 0. 0.],[0. 0. 0. 0. 0. 0. 0. 0. 0. 0. 0. 0.],[0. 0. 0. 0. 0. 0. 0. 0. 0. 0. 0. 0.],[0. 0. 0. 0. 0. 0. 0. 0. 0. 0. 0. 0.],[0. 0. 0. 0. 0. 0. 0. 0. 0. 0. 0. 0.],[0. 0. 0. 0. 0. 0. 0. 0. 0. 0. 0. 0.],[0. 0. 0. 0. 0. 0. 0. 0. 0. 0. 0. 0.],0.3,0.3,0.3,0.3,0.3,0.3,0.3,0.3,0.01,0.01,0.01,0.01,0.01,0.01,0.01,0.01,,,,,,,,
176,4,-22.25,1.45,8.4875,3.125,-21.166666666666668,0.3625,0.0,0.9166666666666666,8.951935291290283,8.951935291290283,8.951935291290283,8.951935291290283,8.951935291290283,8.951935291290283,8.951935291290283,8.951935291290283,201,201,201,201,201,201,201,201,1.0,0.0,0.0,0.0,1.0,0.0,0.0,0.0,0.15,0.15,0.15,0.15,0.15,0.15,0.15,0.15,[0. 0. 0. 0. 0. 0. 0. 0. 0. 0. 0. 0.],[0. 0. 0. 0. 0. 0. 0. 0. 0. 0. 0. 0.],[0. 0. 0. 0. 0. 0. 0. 0. 0. 0. 0. 0.],[0. 0. 0. 0. 0. 0. 0. 0. 0. 0. 0. 0.],[0. 0. 0. 0. 0. 0. 0. 0. 0. 0. 0. 0.],[0. 0. 0. 0. 0. 0. 0. 0. 0. 0. 0. 0.],[0. 0. 0. 0. 0. 0. 0. 0. 0. 0. 0. 0.],[0. 0. 0. 0. 0. 0. 0. 0. 0. 0. 0. 0.],0.3,0.3,0.3,0.3,0.3,0.3,0.3,0.3,0.01,0.01,0.01,0.01,0.01,0.01,0.01,0.01,,,,,,,,
177,1,35.5,-100.0,0.0,1.5,7.0,-97.0,6.0,0.0,10.328614234924316,10.328614234924316,10.328614234924316,10.328614234924316,10.328614234924316,10.328614234924316,10.328614234924316,10.328614234924316,106,106,106,106,106,106,106,106,0.0,1.0,0.0,0.0,0.0,1.0,0.0,0.0,0.15,0.15,0.15,0.15,0.15,0.15,0.15,0.15,[0. 0. 0. 0. 0. 0. 0. 0. 0. 0. 0. 0.],[0. 0. 0. 0. 0. 0. 0. 0. 0. 0. 0. 0.],[0. 0. 0. 0. 0. 0. 0. 0. 0. 0. 0. 0.],[0. 0. 0. 0. 0. 0. 0. 0. 0. 0. 0. 0.],[0. 0. 0. 0. 0. 0. 0. 0. 0. 0. 0. 0.],[0. 0. 0. 0. 0. 0. 0. 0. 0. 0. 0. 0.],[0. 0. 0. 0. 0. 0. 0. 0. 0. 0. 0. 0.],[0. 0. 0. 0. 0. 0. 0. 0. 0. 0. 0. 0.],0.3,0.3,0.3,0.3,0.3,0.3,0.3,0.3,0.01,0.01,0.01,0.01,0.01,0.01,0.01,0.01,,,,,,,,
178,2,0.0,0.0,-48.5,7.583333333333333,16.25,0.5,-50.0,10.5,7.8302435874938965,7.8302435874938965,7.8302435874938965,7.8302435874938965,7.8302435874938965,7.8302435874938965,7.8302435874938965,7.8302435874938965,155,155,155,155,155,155,155,155,0.0,0.0,1.0,0.0,0.0,0.0,1.0,0.0,0.15,0.15,0.15,0.15,0.15,0.15,0.15,0.15,[0. 0. 0. 0. 0. 0. 0. 0. 0. 0. 0. 0.],[0. 0. 0. 0. 0. 0. 0. 0. 0. 0. 0. 0.],[0. 0. 0. 0. 0. 0. 0. 0. 0. 0. 0. 0.],[0. 0. 0. 0. 0. 0. 0. 0. 0. 0. 0. 0.],[0. 0. 0. 0. 0. 0. 0. 0. 0. 0. 0. 0.],[0. 0. 0. 0. 0. 0. 0. 0. 0. 0. 0. 0.],[0. 0. 0. 0. 0. 0. 0. 0. 0. 0. 0. 0.],[0. 0. 0. 0. 0. 0. 0. 0. 0. 0. 0. 0.],0.3,0.3,0.3,0.3,0.3,0.3,0.3,0.3,0.01,0.01,0.01,0.01,0.01,0.01,0.01,0.01,,,,,,,,
179,1,0.0,0.0,-67.5,10.5,0.0,0.0,-99.0,11.0,9.806344985961914,9.806344985961914,9.806344985961914,9.806344985961914,9.806344985961914,9.806344985961914,9.806344985961914,9.806344985961914,110,110,110,110,110,110,110,110,0.0,0.0,1.0,0.0,0.0,0.0,1.0,0.0,0.15,0.15,0.15,0.15,0.15,0.15,0.15,0.15,[0. 0. 0. 0. 0. 0. 0. 0. 0. 0. 0. 0.],[0. 0. 0. 0. 0. 0. 0. 0. 0. 0. 0. 0.],[0. 0. 0. 0. 0. 0. 0. 0. 0. 0. 0. 0.],[0. 0. 0. 0. 0. 0. 0. 0. 0. 0. 0. 0.],[0. 0. 0. 0. 0. 0. 0. 0. 0. 0. 0. 0.],[0. 0. 0. 0. 0. 0. 0. 0. 0. 0. 0. 0.],[0. 0. 0. 0. 0. 0. 0. 0. 0. 0. 0. 0.],[0. 0. 0. 0. 0. 0. 0. 0. 0. 0. 0. 0.],0.3,0.3,0.3,0.3,0.3,0.3,0.3,0.3,0.01,0.01,0.01,0.01,0.01,0.01,0.01,0.01,,,,,,,,
180,1,-67.5,-91.5,-83.0,5.5,-100.0,-99.5,-100.0,1.0,8.236251831054688,8.236251831054688,8.236251831054688,8.236251831054688,8.236251831054688,8.236251831054688,8.236251831054688,8.236251831054688,130,130,130,130,130,130,130,130,1.0,1.0,1.0,0.0,1.0,1.0,1.0,0.0,0.15,0.15,0.15,0.15,0.15,0.15,0.15,0.15,[0. 0. 0. 0. 0. 0. 0. 0. 0. 0. 0. 0.],[0. 0. 0. 0. 0. 0. 0. 0. 0. 0. 0. 0.],[0. 0. 0. 0. 0. 0. 0. 0. 0. 0. 0. 0.],[0. 0. 0. 0. 0. 0. 0. 0. 0. 0. 0. 0.],[0. 0. 0. 0. 0. 0. 0. 0. 0. 0. 0. 0.],[0. 0. 0. 0. 0. 0. 0. 0. 0. 0. 0. 0.],[0. 0. 0. 0. 0. 0. 0. 0. 0. 0. 0. 0.],[0. 0. 0. 0. 0. 0. 0. 0. 0. 0. 0. 0.],0.3,0.3,0.3,0.3,0.3,0.3,0.3,0.3,0.01,0.01,0.01,0.01,0.01,0.01,0.01,0.01,,,,,,,,
181,1,-67.5,-100.0,6.5,3.5,-100.0,-100.0,7.0,0.0,7.139204502105713,7.139204502105713,7.139204502105713,7.139204502105713,7.139204502105713,7.139204502105713,7.139204502105713,7.139204502105713,99,99,99,99,99,99,99,99,1.0,1.0,0.0,0.0,1.0,1.0,0.0,0.0,0.15,0.15,0.15,0.15,0.15,0.15,0.15,0.15,[0. 0. 0. 0. 0. 0. 0. 0. 0. 0. 0. 0.],[0. 0. 0. 0. 0. 0. 0. 0. 0. 0. 0. 0.],[0. 0. 0. 0. 0. 0. 0. 0. 0. 0. 0. 0.],[0. 0. 0. 0. 0. 0. 0. 0. 0. 0. 0. 0.],[0. 0. 0. 0. 0. 0. 0. 0. 0. 0. 0. 0.],[0. 0. 0. 0. 0. 0. 0. 0. 0. 0. 0. 0.],[0. 0. 0. 0. 0. 0. 0. 0. 0. 0. 0. 0.],[0. 0. 0. 0. 0. 0. 0. 0. 0. 0. 0. 0.],0.3,0.3,0.3,0.3,0.3,0.3,0.3,0.3,0.01,0.01,0.01,0.01,0.01,0.01,0.01,0.01,,,,,,,,
182,9,2.9691358024691357,-10.182407407407407,1.58994708994709,1.0098765432098764,1.0324074074074074,-10.53968253968254,0.3055555555555556,0.574074074074074,7.959580103556315,7.959580103556315,7.959580103556315,7.959580103556315,7.959580103556315,7.959580103556315,7.959580103556315,7.959580103556315,219,219,219,219,219,219,219,219,0.0,1.0,0.0,0.0,0.0,1.0,0.0,0.0,0.15,0.15,0.15,0.15,0.15,0.15,0.15,0.15,[0. 0. 0. 0. 0. 0. 0. 0. 0. 0. 0. 0.],[0. 0. 0. 0. 0. 0. 0. 0. 0. 0. 0. 0.],[0. 0. 0. 0. 0. 0. 0. 0. 0. 0. 0. 0.],[0. 0. 0. 0. 0. 0. 0. 0. 0. 0. 0. 0.],[0. 0. 0. 0. 0. 0. 0. 0. 0. 0. 0. 0.],[0. 0. 0. 0. 0. 0. 0. 0. 0. 0. 0. 0.],[0. 0. 0. 0. 0. 0. 0. 0. 0. 0. 0. 0.],[0. 0. 0. 0. 0. 0. 0. 0. 0. 0. 0. 0.],0.3,0.3,0.3,0.3,0.3,0.3,0.3,0.3,0.01,0.01,0.01,0.01,0.01,0.01,0.01,0.01,,,,,,,,
183,1,0.0,32.0,14.0,-100.0,0.0,9.5,4.0,-100.0,8.602834701538086,8.602834701538086,8.602834701538086,8.602834701538086,8.602834701538086,8.602834701538086,8.602834701538086,8.602834701538086,119,119,119,119,119,119,119,119,0.0,0.0,0.0,1.0,0.0,0.0,0.0,1.0,0.15,0.15,0.15,0.15,0.15,0.15,0.15,0.15,[0. 0. 0. 0. 0. 0. 0. 0. 0. 0. 0. 0.],[0. 0. 0. 0. 0. 0. 0. 0. 0. 0. 0. 0.],[0. 0. 0. 0. 0. 0. 0. 0. 0. 0. 0. 0.],[0. 0. 0. 0. 0. 0. 0. 0. 0. 0. 0. 0.],[0. 0. 0. 0. 0. 0. 0. 0. 0. 0. 0. 0.],[0. 0. 0. 0. 0. 0. 0. 0. 0. 0. 0. 0.],[0. 0. 0. 0. 0. 0. 0. 0. 0. 0. 0. 0.],[0. 0. 0. 0. 0. 0. 0. 0. 0. 0. 0. 0.],0.3,0.3,0.3,0.3,0.3,0.3,0.3,0.3,0.01,0.01,0.01,0.01,0.01,0.01,0.01,0.01,,,,,,,,
184,1,-100.0,12.5,25.5,-83.0,-100.0,8.0,0.0,-98.5,9.33071231842041,9.33071231842041,9.33071231842041,9.33071231842041,9.33071231842041,9.33071231842041,9.33071231842041,9.33071231842041,129,129,129,129,129,129,129,129,1.0,0.0,0.0,1.0,1.0,0.0,0.0,1.0,0.15,0.15,0.15,0.15,0.15,0.15,0.15,0.15,[0. 0. 0. 0. 0. 0. 0. 0. 0. 0. 0. 0.],[0. 0. 0. 0. 0. 0. 0. 0. 0. 0. 0. 0.],[0. 0. 0. 0. 0. 0. 0. 0. 0. 0. 0. 0.],[0. 0. 0. 0. 0. 0. 0. 0. 0. 0. 0. 0.],[0. 0. 0. 0. 0. 0. 0. 0. 0. 0. 0. 0.],[0. 0. 0. 0. 0. 0. 0. 0. 0. 0. 0. 0.],[0. 0. 0. 0. 0. 0. 0. 0. 0. 0. 0. 0.],[0. 0. 0. 0. 0. 0. 0. 0. 0. 0. 0. 0.],0.3,0.3,0.3,0.3,0.3,0.3,0.3,0.3,0.01,0.01,0.01,0.01,0.01,0.01,0.01,0.01,,,,,,,,
185,5,-12.9,0.06666666666666667,1.9,1.45,-18.066666666666666,0.0,2.5,0.0,9.421614837646484,9.421614837646484,9.421614837646484,9.421614837646484,9.421614837646484,9.421614837646484,9.421614837646484,9.421614837646484,160,160,160,160,160,160,160,160,1.0,0.0,0.0,0.0,1.0,0.0,0.0,0.0,0.15,0.15,0.15,0.15,0.15,0.15,0.15,0.15,[0. 0. 0. 0. 0. 0. 0. 0. 0. 0. 0. 0.],[0. 0. 0. 0. 0. 0. 0. 0. 0. 0. 0. 0.],[0. 0. 0. 0. 0. 0. 0. 0. 0. 0. 0. 0.],[0. 0. 0. 0. 0. 0. 0. 0. 0. 0. 0. 0.],[0. 0. 0. 0. 0. 0. 0. 0. 0. 0. 0. 0.],[0. 0. 0. 0. 0. 0. 0. 0. 0. 0. 0. 0.],[0. 0. 0. 0. 0. 0. 0. 0. 0. 0. 0. 0.],[0. 0. 0. 0. 0. 0. 0. 0. 0. 0. 0. 0.],0.3,0.3,0.3,0.3,0.3,0.3,0.3,0.3,0.01,0.01,0.01,0.01,0.01,0.01,0.01,0.01,,,,,,,,
186,7,-10.404761904761903,2.28078231292517,1.2083333333333335,0.24285714285714285,-13.821428571428571,2.4804421768707487,0.5285714285714286,0.21428571428571427,9.371432031903948,9.371432031903948,9.371432031903948,9.371432031903948,9.371432031903948,9.371432031903948,9.371432031903948,9.371432031903948,237,237,237,237,237,237,237,237,1.0,0.0,0.0,0.0,1.0,0.0,0.0,0.0,0.15,0.15,0.15,0.15,0.15,0.15,0.15,0.15,[0. 0. 0. 0. 0. 0. 0. 0. 0. 0. 0. 0.],[0. 0. 0. 0. 0. 0. 0. 0. 0. 0. 0. 0.],[0. 0. 0. 0. 0. 0. 0. 0. 0. 0. 0. 0.],[0. 0. 0. 0. 0. 0. 0. 0. 0. 0. 0. 0.],[0. 0. 0. 0. 0. 0. 0. 0. 0. 0. 0. 0.],[0. 0. 0. 0. 0. 0. 0. 0. 0. 0. 0. 0.],[0. 0. 0. 0. 0. 0. 0. 0. 0. 0. 0. 0.],[0. 0. 0. 0. 0. 0. 0. 0. 0. 0. 0. 0.],0.3,0.3,0.3,0.3,0.3,0.3,0.3,0.3,0.01,0.01,0.01,0.01,0.01,0.01,0.01,0.01,,,,,,,,
187,22,0.055681818181818186,1.4545454545454546,0.14772727272727273,0.42121212121212126,0.21649588689230634,0.37121212121212116,0.8131798756798756,0.1488193624557261,9.9478008963845,9.9478008963845,9.9478008963845,9.9478008963845,9.9478008963845,9.9478008963845,9.9478008963845,9.9478008963845,264,264,264,264,264,264,264,264,0.0,0.0,0.0,0.0,0.0,0.0,0.0,0.0,0.15,0.15,0.15,0.15,0.15,0.15,0.15,0.15,[0. 0. 0. 0. 0. 0. 0. 0. 0. 0. 0. 0.],[0. 0. 0. 0. 0. 0. 0. 0. 0. 0. 0. 0.],[0. 0. 0. 0. 0. 0. 0. 0. 0. 0. 0. 0.],[0. 0. 0. 0. 0. 0. 0. 0. 0. 0. 0. 0.],[0. 0. 0. 0. 0. 0. 0. 0. 0. 0. 0. 0.],[0. 0. 0. 0. 0. 0. 0. 0. 0. 0. 0. 0.],[0. 0. 0. 0. 0. 0. 0. 0. 0. 0. 0. 0.],[0. 0. 0. 0. 0. 0. 0. 0. 0. 0. 0. 0.],0.3,0.3,0.3,0.3,0.3,0.3,0.3,0.3,0.01,0.01,0.01,0.01,0.01,0.01,0.01,0.01,,,,,,,,
188,2,-33.75,6.5,7.0,1.25,-50.0,0.0,4.0,4.75,9.170735359191895,9.170735359191895,9.170735359191895,9.170735359191895,9.170735359191895,9.170735359191895,9.170735359191895,9.170735359191895,159,159,159,159,159,159,159,159,1.0,0.0,0.0,0.0,1.0,0.0,0.0,0.0,0.15,0.15,0.15,0.15,0.15,0.15,0.15,0.15,[0. 0. 0. 0. 0. 0. 0. 0. 0. 0. 0. 0.],[0. 0. 0. 0. 0. 0. 0. 0. 0. 0. 0. 0.],[0. 0. 0. 0. 0. 0. 0. 0. 0. 0. 0. 0.],[0. 0. 0. 0. 0. 0. 0. 0. 0. 0. 0. 0.],[0. 0. 0. 0. 0. 0. 0. 0. 0. 0. 0. 0.],[0. 0. 0. 0. 0. 0. 0. 0. 0. 0. 0. 0.],[0. 0. 0. 0. 0. 0. 0. 0. 0. 0. 0. 0.],[0. 0. 0. 0. 0. 0. 0. 0. 0. 0. 0. 0.],0.3,0.3,0.3,0.3,0.3,0.3,0.3,0.3,0.01,0.01,0.01,0.01,0.01,0.01,0.01,0.01,,,,,,,,
189,1,35.5,0.0,7.0,-95.5,11.0,6.0,2.0,-100.0,12.058021545410156,12.058021545410156,12.058021545410156,12.058021545410156,12.058021545410156,12.058021545410156,12.058021545410156,12.058021545410156,132,132,132,132,132,132,132,132,0.0,0.0,0.0,1.0,0.0,0.0,0.0,1.0,0.15,0.15,0.15,0.15,0.15,0.15,0.15,0.15,[0. 0. 0. 0. 0. 0. 0. 0. 0. 0. 0. 0.],[0. 0. 0. 0. 0. 0. 0. 0. 0. 0. 0. 0.],[0. 0. 0. 0. 0. 0. 0. 0. 0. 0. 0. 0.],[0. 0. 0. 0. 0. 0. 0. 0. 0. 0. 0. 0.],[0. 0. 0. 0. 0. 0. 0. 0. 0. 0. 0. 0.],[0. 0. 0. 0. 0. 0. 0. 0. 0. 0. 0. 0.],[0. 0. 0. 0. 0. 0. 0. 0. 0. 0. 0. 0.],[0. 0. 0. 0. 0. 0. 0. 0. 0. 0. 0. 0.],0.3,0.3,0.3,0.3,0.3,0.3,0.3,0.3,0.01,0.01,0.01,0.01,0.01,0.01,0.01,0.01,,,,,,,,
190,1,-67.5,0.0,0.0,-83.0,-95.5,9.0,0.0,-100.0,9.411836624145508,9.411836624145508,9.411836624145508,9.411836624145508,9.411836624145508,9.411836624145508,9.411836624145508,9.411836624145508,126,126,126,126,126,126,126,126,1.0,0.0,0.0,1.0,1.0,0.0,0.0,1.0,0.15,0.15,0.15,0.15,0.15,0.15,0.15,0.15,[0. 0. 0. 0. 0. 0. 0. 0. 0. 0. 0. 0.],[0. 0. 0. 0. 0. 0. 0. 0. 0. 0. 0. 0.],[0. 0. 0. 0. 0. 0. 0. 0. 0. 0. 0. 0.],[0. 0. 0. 0. 0. 0. 0. 0. 0. 0. 0. 0.],[0. 0. 0. 0. 0. 0. 0. 0. 0. 0. 0. 0.],[0. 0. 0. 0. 0. 0. 0. 0. 0. 0. 0. 0.],[0. 0. 0. 0. 0. 0. 0. 0. 0. 0. 0. 0.],[0. 0. 0. 0. 0. 0. 0. 0. 0. 0. 0. 0.],0.3,0.3,0.3,0.3,0.3,0.3,0.3,0.3,0.01,0.01,0.01,0.01,0.01,0.01,0.01,0.01,,,,,,,,
191,4,-22.7,8.5,2.75,0.75,-23.875,1.3,0.0,1.425,9.492625951766968,9.492625951766968,9.492625951766968,9.492625951766968,9.492625951766968,9.492625951766968,9.492625951766968,9.492625951766968,164,164,164,164,164,164,164,164,1.0,0.0,0.0,0.0,1.0,0.0,0.0,0.0,0.15,0.15,0.15,0.15,0.15,0.15,0.15,0.15,[0. 0. 0. 0. 0. 0. 0. 0. 0. 0. 0. 0.],[0. 0. 0. 0. 0. 0. 0. 0. 0. 0. 0. 0.],[0. 0. 0. 0. 0. 0. 0. 0. 0. 0. 0. 0.],[0. 0. 0. 0. 0. 0. 0. 0. 0. 0. 0. 0.],[0. 0. 0. 0. 0. 0. 0. 0. 0. 0. 0. 0.],[0. 0. 0. 0. 0. 0. 0. 0. 0. 0. 0. 0.],[0. 0. 0. 0. 0. 0. 0. 0. 0. 0. 0. 0.],[0. 0. 0. 0. 0. 0. 0. 0. 0. 0. 0. 0.],0.3,0.3,0.3,0.3,0.3,0.3,0.3,0.3,0.01,0.01,0.01,0.01,0.01,0.01,0.01,0.01,,,,,,,,
192,1,11.0,32.0,-97.0,5.0,9.0,0.0,-100.0,0.0,8.983438491821289,8.983438491821289,8.983438491821289,8.983438491821289,8.983438491821289,8.983438491821289,8.983438491821289,8.983438491821289,120,120,120,120,120,120,120,120,0.0,0.0,1.0,0.0,0.0,0.0,1.0,0.0,0.15,0.15,0.15,0.15,0.15,0.15,0.15,0.15,[0. 0. 0. 0. 0. 0. 0. 0. 0. 0. 0. 0.],[0. 0. 0. 0. 0. 0. 0. 0. 0. 0. 0. 0.],[0. 0. 0. 0. 0. 0. 0. 0. 0. 0. 0. 0.],[0. 0. 0. 0. 0. 0. 0. 0. 0. 0. 0. 0.],[0. 0. 0. 0. 0. 0. 0. 0. 0. 0. 0. 0.],[0. 0. 0. 0. 0. 0. 0. 0. 0. 0. 0. 0.],[0. 0. 0. 0. 0. 0. 0. 0. 0. 0. 0. 0.],[0. 0. 0. 0. 0. 0. 0. 0. 0. 0. 0. 0.],0.3,0.3,0.3,0.3,0.3,0.3,0.3,0.3,0.01,0.01,0.01,0.01,0.01,0.01,0.01,0.01,,,,,,,,
193,1,-67.5,-100.0,0.0,0.0,-89.0,-99.0,3.0,0.0,10.035577774047852,10.035577774047852,10.035577774047852,10.035577774047852,10.035577774047852,10.035577774047852,10.035577774047852,10.035577774047852,95,95,95,95,95,95,95,95,1.0,1.0,0.0,0.0,1.0,1.0,0.0,0.0,0.15,0.15,0.15,0.15,0.15,0.15,0.15,0.15,[0. 0. 0. 0. 0. 0. 0. 0. 0. 0. 0. 0.],[0. 0. 0. 0. 0. 0. 0. 0. 0. 0. 0. 0.],[0. 0. 0. 0. 0. 0. 0. 0. 0. 0. 0. 0.],[0. 0. 0. 0. 0. 0. 0. 0. 0. 0. 0. 0.],[0. 0. 0. 0. 0. 0. 0. 0. 0. 0. 0. 0.],[0. 0. 0. 0. 0. 0. 0. 0. 0. 0. 0. 0.],[0. 0. 0. 0. 0. 0. 0. 0. 0. 0. 0. 0.],[0. 0. 0. 0. 0. 0. 0. 0. 0. 0. 0. 0.],0.3,0.3,0.3,0.3,0.3,0.3,0.3,0.3,0.01,0.01,0.01,0.01,0.01,0.01,0.01,0.01,,,,,,,,
194,3,11.833333333333334,6.333333333333333,2.4166666666666665,-33.333333333333336,0.5,1.0833333333333333,1.1666666666666667,-30.0,8.805120786031088,8.805120786031088,8.805120786031088,8.805120786031088,8.805120786031088,8.805120786031088,8.805120786031088,8.805120786031088,181,181,181,181,181,181,181,181,0.0,0.0,0.0,1.0,0.0,0.0,0.0,1.0,0.15,0.15,0.15,0.15,0.15,0.15,0.15,0.15,[0. 0. 0. 0. 0. 0. 0. 0. 0. 0. 0. 0.],[0. 0. 0. 0. 0. 0. 0. 0. 0. 0. 0. 0.],[0. 0. 0. 0. 0. 0. 0. 0. 0. 0. 0. 0.],[0. 0. 0. 0. 0. 0. 0. 0. 0. 0. 0. 0.],[0. 0. 0. 0. 0. 0. 0. 0. 0. 0. 0. 0.],[0. 0. 0. 0. 0. 0. 0. 0. 0. 0. 0. 0.],[0. 0. 0. 0. 0. 0. 0. 0. 0. 0. 0. 0.],[0. 0. 0. 0. 0. 0. 0. 0. 0. 0. 0. 0.],0.3,0.3,0.3,0.3,0.3,0.3,0.3,0.3,0.01,0.01,0.01,0.01,0.01,0.01,0.01,0.01,,,,,,,,
195,3,10.833333333333334,-32.333333333333336,0.75,3.3333333333333335,0.0,-33.333333333333336,3.3333333333333335,5.0,9.984203974405924,9.984203974405924,9.984203974405924,9.984203974405924,9.984203974405924,9.984203974405924,9.984203974405924,9.984203974405924,152,152,152,152,152,152,152,152,0.0,1.0,0.0,0.0,0.0,1.0,0.0,0.0,0.15,0.15,0.15,0.15,0.15,0.15,0.15,0.15,[0. 0. 0. 0. 0. 0. 0. 0. 0. 0. 0. 0.],[0. 0. 0. 0. 0. 0. 0. 0. 0. 0. 0. 0.],[0. 0. 0. 0. 0. 0. 0. 0. 0. 0. 0. 0.],[0. 0. 0. 0. 0. 0. 0. 0. 0. 0. 0. 0.],[0. 0. 0. 0. 0. 0. 0. 0. 0. 0. 0. 0.],[0. 0. 0. 0. 0. 0. 0. 0. 0. 0. 0. 0.],[0. 0. 0. 0. 0. 0. 0. 0. 0. 0. 0. 0.],[0. 0. 0. 0. 0. 0. 0. 0. 0. 0. 0. 0.],0.3,0.3,0.3,0.3,0.3,0.3,0.3,0.3,0.01,0.01,0.01,0.01,0.01,0.01,0.01,0.01,,,,,,,,
196,1,0.0,-66.0,0.0,0.0,18.0,-96.0,0.0,7.5,10.008331298828125,10.008331298828125,10.008331298828125,10.008331298828125,10.008331298828125,10.008331298828125,10.008331298828125,10.008331298828125,127,127,127,127,127,127,127,127,0.0,1.0,0.0,0.0,0.0,1.0,0.0,0.0,0.15,0.15,0.15,0.15,0.15,0.15,0.15,0.15,[0. 0. 0. 0. 0. 0. 0. 0. 0. 0. 0. 0.],[0. 0. 0. 0. 0. 0. 0. 0. 0. 0. 0. 0.],[0. 0. 0. 0. 0. 0. 0. 0. 0. 0. 0. 0.],[0. 0. 0. 0. 0. 0. 0. 0. 0. 0. 0. 0.],[0. 0. 0. 0. 0. 0. 0. 0. 0. 0. 0. 0.],[0. 0. 0. 0. 0. 0. 0. 0. 0. 0. 0. 0.],[0. 0. 0. 0. 0. 0. 0. 0. 0. 0. 0. 0.],[0. 0. 0. 0. 0. 0. 0. 0. 0. 0. 0. 0.],0.3,0.3,0.3,0.3,0.3,0.3,0.3,0.3,0.01,0.01,0.01,0.01,0.01,0.01,0.01,0.01,,,,,,,,
197,5,2.6,1.8266666666666667,0.03333333333333333,-19.066666666666666,7.1,1.0666666666666667,0.5666666666666667,-17.8,8.944558906555176,8.944558906555176,8.944558906555176,8.944558906555176,8.944558906555176,8.944558906555176,8.944558906555176,8.944558906555176,181,181,181,181,181,181,181,181,0.0,0.0,0.0,1.0,0.0,0.0,0.0,1.0,0.15,0.15,0.15,0.15,0.15,0.15,0.15,0.15,[0. 0. 0. 0. 0. 0. 0. 0. 0. 0. 0. 0.],[0. 0. 0. 0. 0. 0. 0. 0. 0. 0. 0. 0.],[0. 0. 0. 0. 0. 0. 0. 0. 0. 0. 0. 0.],[0. 0. 0. 0. 0. 0. 0. 0. 0. 0. 0. 0.],[0. 0. 0. 0. 0. 0. 0. 0. 0. 0. 0. 0.],[0. 0. 0. 0. 0. 0. 0. 0. 0. 0. 0. 0.],[0. 0. 0. 0. 0. 0. 0. 0. 0. 0. 0. 0.],[0. 0. 0. 0. 0. 0. 0. 0. 0. 0. 0. 0.],0.3,0.3,0.3,0.3,0.3,0.3,0.3,0.3,0.01,0.01,0.01,0.01,0.01,0.01,0.01,0.01,,,,,,,,
198,5,6.133333333333334,-17.55,0.03333333333333333,3.5,2.35,-19.766666666666666,0.5900000000000001,0.08,9.333994674682618,9.333994674682618,9.333994674682618,9.333994674682618,9.333994674682618,9.333994674682618,9.333994674682618,9.333994674682618,176,176,176,176,176,176,176,176,0.0,1.0,0.0,0.0,0.0,1.0,0.0,0.0,0.15,0.15,0.15,0.15,0.15,0.15,0.15,0.15,[0. 0. 0. 0. 0. 0. 0. 0. 0. 0. 0. 0.],[0. 0. 0. 0. 0. 0. 0. 0. 0. 0. 0. 0.],[0. 0. 0. 0. 0. 0. 0. 0. 0. 0. 0. 0.],[0. 0. 0. 0. 0. 0. 0. 0. 0. 0. 0. 0.],[0. 0. 0. 0. 0. 0. 0. 0. 0. 0. 0. 0.],[0. 0. 0. 0. 0. 0. 0. 0. 0. 0. 0. 0.],[0. 0. 0. 0. 0. 0. 0. 0. 0. 0. 0. 0.],[0. 0. 0. 0. 0. 0. 0. 0. 0. 0. 0. 0.],0.3,0.3,0.3,0.3,0.3,0.3,0.3,0.3,0.01,0.01,0.01,0.01,0.01,0.01,0.01,0.01,,,,,,,,
199,21,1.8605472958414135,0.953837515867591,0.29365079365079366,0.5170841063698207,0.047619047619047616,0.09862624148338435,0.06984126984126984,0.10204081632653061,9.778625760759626,9.778625760759626,9.778625760759626,9.778625760759626,9.778625760759626,9.778625760759626,9.778625760759626,9.778625760759626,270,270,270,270,270,270,270,270,0.0,0.0,0.0,0.0,0.0,0.0,0.0,0.0,0.15,0.15,0.15,0.15,0.15,0.15,0.15,0.15,[0. 0. 0. 0. 0. 0. 0. 0. 0. 0. 0. 0.],[0. 0. 0. 0. 0. 0. 0. 0. 0. 0. 0. 0.],[0. 0. 0. 0. 0. 0. 0. 0. 0. 0. 0. 0.],[0. 0. 0. 0. 0. 0. 0. 0. 0. 0. 0. 0.],[0. 0. 0. 0. 0. 0. 0. 0. 0. 0. 0. 0.],[0. 0. 0. 0. 0. 0. 0. 0. 0. 0. 0. 0.],[0. 0. 0. 0. 0. 0. 0. 0. 0. 0. 0. 0.],[0. 0. 0. 0. 0. 0. 0. 0. 0. 0. 0. 0.],0.3,0.3,0.3,0.3,0.3,0.3,0.3,0.3,0.01,0.01,0.01,0.01,0.01,0.01,0.01,0.01,,,,,,,,
200,38,0.9149906015037593,0.38081477732793517,0.042425775978407555,0.7520833333333334,0.0,-2.5426065162907268,-2.564411027568922,0.03383458646616541,9.266441771858617,9.266441771858617,9.266441771858617,9.266441771858617,9.266441771858617,9.266441771858617,9.266441771858617,9.266441771858617,266,266,266,266,266,266,266,266,0.0,0.0,0.0,0.0,0.0,1.0,1.0,0.0,0.15,0.15,0.15,0.15,0.15,0.15,0.15,0.15,[0. 0. 0. 0. 0. 0. 0. 0. 0. 0. 0. 0.],[0. 0. 0. 0. 0. 0. 0. 0. 0. 0. 0. 0.],[0. 0. 0. 0. 0. 0. 0. 0. 0. 0. 0. 0.],[0. 0. 0. 0. 0. 0. 0. 0. 0. 0. 0. 0.],[0. 0. 0. 0. 0. 0. 0. 0. 0. 0. 0. 0.],[0. 0. 0. 0. 0. 0. 0. 0. 0. 0. 0. 0.],[0. 0. 0. 0. 0. 0. 0. 0. 0. 0. 0. 0.],[0. 0. 0. 0. 0. 0. 0. 0. 0. 0. 0. 0.],0.3,0.3,0.3,0.3,0.3,0.3,0.3,0.3,0.01,0.01,0.01,0.01,0.01,0.01,0.01,0.01,,,,,,,,
201,31,0.11236559139784946,1.1026927043904977,0.468108504398827,0.21052300840076732,0.0047043010752688165,0.22580645161290322,0.010483870967741936,0.5230510752688172,9.704402369837608,9.704402369837608,9.704402369837608,9.704402369837608,9.704402369837608,9.704402369837608,9.704402369837608,9.704402369837608,263,263,263,263,263,263,263,263,0.0,0.0,0.0,0.0,0.0,0.0,0.0,0.0,0.15,0.15,0.15,0.15,0.15,0.15,0.15,0.15,[0. 0. 0. 0. 0. 0. 0. 0. 0. 0. 0. 0.],[0. 0. 0. 0. 0. 0. 0. 0. 0. 0. 0. 0.],[0. 0. 0. 0. 0. 0. 0. 0. 0. 0. 0. 0.],[0. 0. 0. 0. 0. 0. 0. 0. 0. 0. 0. 0.],[0. 0. 0. 0. 0. 0. 0. 0. 0. 0. 0. 0.],[0. 0. 0. 0. 0. 0. 0. 0. 0. 0. 0. 0.],[0. 0. 0. 0. 0. 0. 0. 0. 0. 0. 0. 0.],[0. 0. 0. 0. 0. 0. 0. 0. 0. 0. 0. 0.],0.3,0.3,0.3,0.3,0.3,0.3,0.3,0.3,0.01,0.01,0.01,0.01,0.01,0.01,0.01,0.01,,,,,,,,
202,1,0.0,-79.0,0.0,3.5,30.5,-100.0,7.0,0.0,8.785518646240234,8.785518646240234,8.785518646240234,8.785518646240234,8.785518646240234,8.785518646240234,8.785518646240234,8.785518646240234,124,124,124,124,124,124,124,124,0.0,1.0,0.0,0.0,0.0,1.0,0.0,0.0,0.15,0.15,0.15,0.15,0.15,0.15,0.15,0.15,[0. 0. 0. 0. 0. 0. 0. 0. 0. 0. 0. 0.],[0. 0. 0. 0. 0. 0. 0. 0. 0. 0. 0. 0.],[0. 0. 0. 0. 0. 0. 0. 0. 0. 0. 0. 0.],[0. 0. 0. 0. 0. 0. 0. 0. 0. 0. 0. 0.],[0. 0. 0. 0. 0. 0. 0. 0. 0. 0. 0. 0.],[0. 0. 0. 0. 0. 0. 0. 0. 0. 0. 0. 0.],[0. 0. 0. 0. 0. 0. 0. 0. 0. 0. 0. 0.],[0. 0. 0. 0. 0. 0. 0. 0. 0. 0. 0. 0.],0.3,0.3,0.3,0.3,0.3,0.3,0.3,0.3,0.01,0.01,0.01,0.01,0.01,0.01,0.01,0.01,,,,,,,,
203,21,1.731497862302816,0.30952380952380953,0.2415816326530612,0.69421768707483,-4.261904761904762,-4.674603174603175,0.0,0.10459699031127603,9.183515775771369,9.183515775771369,9.183515775771369,9.183515775771369,9.183515775771369,9.183515775771369,9.183515775771369,9.183515775771369,213,213,213,213,213,213,213,213,0.0,0.0,0.0,0.0,1.0,1.0,0.0,0.0,0.15,0.15,0.15,0.15,0.15,0.15,0.15,0.15,[0. 0. 0. 0. 0. 0. 0. 0. 0. 0. 0. 0.],[0. 0. 0. 0. 0. 0. 0. 0. 0. 0. 0. 0.],[0. 0. 0. 0. 0. 0. 0. 0. 0. 0. 0. 0.],[0. 0. 0. 0. 0. 0. 0. 0. 0. 0. 0. 0.],[0. 0. 0. 0. 0. 0. 0. 0. 0. 0. 0. 0.],[0. 0. 0. 0. 0. 0. 0. 0. 0. 0. 0. 0.],[0. 0. 0. 0. 0. 0. 0. 0. 0. 0. 0. 0.],[0. 0. 0. 0. 0. 0. 0. 0. 0. 0. 0. 0.],0.3,0.3,0.3,0.3,0.3,0.3,0.3,0.3,0.01,0.01,0.01,0.01,0.01,0.01,0.01,0.01,,,,,,,,
204,21,1.3029923293081187,0.29253246753246753,0.37063492063492065,0.0,1.0674603174603174,0.08253968253968254,0.5716862502576789,0.07060399917542776,9.430218492235456,9.430218492235456,9.430218492235456,9.430218492235456,9.430218492235456,9.430218492235456,9.430218492235456,9.430218492235456,245,245,245,245,245,245,245,245,0.0,0.0,0.0,0.0,0.0,0.0,0.0,0.0,0.15,0.15,0.15,0.15,0.15,0.15,0.15,0.15,[0. 0. 0. 0. 0. 0. 0. 0. 0. 0. 0. 0.],[0. 0. 0. 0. 0. 0. 0. 0. 0. 0. 0. 0.],[0. 0. 0. 0. 0. 0. 0. 0. 0. 0. 0. 0.],[0. 0. 0. 0. 0. 0. 0. 0. 0. 0. 0. 0.],[0. 0. 0. 0. 0. 0. 0. 0. 0. 0. 0. 0.],[0. 0. 0. 0. 0. 0. 0. 0. 0. 0. 0. 0.],[0. 0. 0. 0. 0. 0. 0. 0. 0. 0. 0. 0.],[0. 0. 0. 0. 0. 0. 0. 0. 0. 0. 0. 0.],0.3,0.3,0.3,0.3,0.3,0.3,0.3,0.3,0.01,0.01,0.01,0.01,0.01,0.01,0.01,0.01,,,,,,,,
205,3,0.7777777777777778,2.2777777777777777,9.944444444444445,-25.5,0.5833333333333334,2.3333333333333335,1.0833333333333333,-33.166666666666664,8.967311223347982,8.967311223347982,8.967311223347982,8.967311223347982,8.967311223347982,8.967311223347982,8.967311223347982,8.967311223347982,174,174,174,174,174,174,174,174,0.0,0.0,0.0,1.0,0.0,0.0,0.0,1.0,0.15,0.15,0.15,0.15,0.15,0.15,0.15,0.15,[0. 0. 0. 0. 0. 0. 0. 0. 0. 0. 0. 0.],[0. 0. 0. 0. 0. 0. 0. 0. 0. 0. 0. 0.],[0. 0. 0. 0. 0. 0. 0. 0. 0. 0. 0. 0.],[0. 0. 0. 0. 0. 0. 0. 0. 0. 0. 0. 0.],[0. 0. 0. 0. 0. 0. 0. 0. 0. 0. 0. 0.],[0. 0. 0. 0. 0. 0. 0. 0. 0. 0. 0. 0.],[0. 0. 0. 0. 0. 0. 0. 0. 0. 0. 0. 0.],[0. 0. 0. 0. 0. 0. 0. 0. 0. 0. 0. 0.],0.3,0.3,0.3,0.3,0.3,0.3,0.3,0.3,0.01,0.01,0.01,0.01,0.01,0.01,0.01,0.01,,,,,,,,
206,3,14.694444444444445,3.3333333333333335,-29.055555555555557,0.0,1.1111111111111112,1.3333333333333333,-33.333333333333336,0.0,10.087647120157877,10.087647120157877,10.087647120157877,10.087647120157877,10.087647120157877,10.087647120157877,10.087647120157877,10.087647120157877,169,169,169,169,169,169,169,169,0.0,0.0,1.0,0.0,0.0,0.0,1.0,0.0,0.15,0.15,0.15,0.15,0.15,0.15,0.15,0.15,[0. 0. 0. 0. 0. 0. 0. 0. 0. 0. 0. 0.],[0. 0. 0. 0. 0. 0. 0. 0. 0. 0. 0. 0.],[0. 0. 0. 0. 0. 0. 0. 0. 0. 0. 0. 0.],[0. 0. 0. 0. 0. 0. 0. 0. 0. 0. 0. 0.],[0. 0. 0. 0. 0. 0. 0. 0. 0. 0. 0. 0.],[0. 0. 0. 0. 0. 0. 0. 0. 0. 0. 0. 0.],[0. 0. 0. 0. 0. 0. 0. 0. 0. 0. 0. 0.],[0. 0. 0. 0. 0. 0. 0. 0. 0. 0. 0. 0.],0.3,0.3,0.3,0.3,0.3,0.3,0.3,0.3,0.01,0.01,0.01,0.01,0.01,0.01,0.01,0.01,,,,,,,,
207,3,-29.666666666666668,4.833333333333333,-33.22222222222222,9.666666666666666,-33.22222222222222,5.166666666666667,-32.833333333333336,0.0,9.48354975382487,9.48354975382487,9.48354975382487,9.48354975382487,9.48354975382487,9.48354975382487,9.48354975382487,9.48354975382487,147,147,147,147,147,147,147,147,1.0,0.0,1.0,0.0,1.0,0.0,1.0,0.0,0.15,0.15,0.15,0.15,0.15,0.15,0.15,0.15,[0. 0. 0. 0. 0. 0. 0. 0. 0. 0. 0. 0.],[0. 0. 0. 0. 0. 0. 0. 0. 0. 0. 0. 0.],[0. 0. 0. 0. 0. 0. 0. 0. 0. 0. 0. 0.],[0. 0. 0. 0. 0. 0. 0. 0. 0. 0. 0. 0.],[0. 0. 0. 0. 0. 0. 0. 0. 0. 0. 0. 0.],[0. 0. 0. 0. 0. 0. 0. 0. 0. 0. 0. 0.],[0. 0. 0. 0. 0. 0. 0. 0. 0. 0. 0. 0.],[0. 0. 0. 0. 0. 0. 0. 0. 0. 0. 0. 0.],0.3,0.3,0.3,0.3,0.3,0.3,0.3,0.3,0.01,0.01,0.01,0.01,0.01,0.01,0.01,0.01,,,,,,,,
208,1,-100.0,32.5,12.0,21.5,-96.0,3.0,0.0,2.0,8.566080093383789,8.566080093383789,8.566080093383789,8.566080093383789,8.566080093383789,8.566080093383789,8.566080093383789,8.566080093383789,150,150,150,150,150,150,150,150,1.0,0.0,0.0,0.0,1.0,0.0,0.0,0.0,0.15,0.15,0.15,0.15,0.15,0.15,0.15,0.15,[0. 0. 0. 0. 0. 0. 0. 0. 0. 0. 0. 0.],[0. 0. 0. 0. 0. 0. 0. 0. 0. 0. 0. 0.],[0. 0. 0. 0. 0. 0. 0. 0. 0. 0. 0. 0.],[0. 0. 0. 0. 0. 0. 0. 0. 0. 0. 0. 0.],[0. 0. 0. 0. 0. 0. 0. 0. 0. 0. 0. 0.],[0. 0. 0. 0. 0. 0. 0. 0. 0. 0. 0. 0.],[0. 0. 0. 0. 0. 0. 0. 0. 0. 0. 0. 0.],[0. 0. 0. 0. 0. 0. 0. 0. 0. 0. 0. 0.],0.3,0.3,0.3,0.3,0.3,0.3,0.3,0.3,0.01,0.01,0.01,0.01,0.01,0.01,0.01,0.01,,,,,,,,
209,8,0.6592261904761905,-12.5,0.9895833333333334,4.328125,0.25148809523809523,-11.46875,0.0,1.0,9.976588904857635,9.976588904857635,9.976588904857635,9.976588904857635,9.976588904857635,9.976588904857635,9.976588904857635,9.976588904857635,183,183,183,183,183,183,183,183,0.0,1.0,0.0,0.0,0.0,1.0,0.0,0.0,0.15,0.15,0.15,0.15,0.15,0.15,0.15,0.15,[0. 0. 0. 0. 0. 0. 0. 0. 0. 0. 0. 0.],[0. 0. 0. 0. 0. 0. 0. 0. 0. 0. 0. 0.],[0. 0. 0. 0. 0. 0. 0. 0. 0. 0. 0. 0.],[0. 0. 0. 0. 0. 0. 0. 0. 0. 0. 0. 0.],[0. 0. 0. 0. 0. 0. 0. 0. 0. 0. 0. 0.],[0. 0. 0. 0. 0. 0. 0. 0. 0. 0. 0. 0.],[0. 0. 0. 0. 0. 0. 0. 0. 0. 0. 0. 0.],[0. 0. 0. 0. 0. 0. 0. 0. 0. 0. 0. 0.],0.3,0.3,0.3,0.3,0.3,0.3,0.3,0.3,0.01,0.01,0.01,0.01,0.01,0.01,0.01,0.01,,,,,,,,
210,1,35.5,-100.0,11.0,13.0,1.0,-100.0,0.0,4.5,9.662920951843262,9.662920951843262,9.662920951843262,9.662920951843262,9.662920951843262,9.662920951843262,9.662920951843262,9.662920951843262,130,130,130,130,130,130,130,130,0.0,1.0,0.0,0.0,0.0,1.0,0.0,0.0,0.15,0.15,0.15,0.15,0.15,0.15,0.15,0.15,[0. 0. 0. 0. 0. 0. 0. 0. 0. 0. 0. 0.],[0. 0. 0. 0. 0. 0. 0. 0. 0. 0. 0. 0.],[0. 0. 0. 0. 0. 0. 0. 0. 0. 0. 0. 0.],[0. 0. 0. 0. 0. 0. 0. 0. 0. 0. 0. 0.],[0. 0. 0. 0. 0. 0. 0. 0. 0. 0. 0. 0.],[0. 0. 0. 0. 0. 0. 0. 0. 0. 0. 0. 0.],[0. 0. 0. 0. 0. 0. 0. 0. 0. 0. 0. 0.],[0. 0. 0. 0. 0. 0. 0. 0. 0. 0. 0. 0.],0.3,0.3,0.3,0.3,0.3,0.3,0.3,0.3,0.01,0.01,0.01,0.01,0.01,0.01,0.01,0.01,,,,,,,,
211,1,-81.5,0.0,-100.0,5.0,-100.0,0.0,-100.0,14.5,11.758736610412598,11.758736610412598,11.758736610412598,11.758736610412598,11.758736610412598,11.758736610412598,11.758736610412598,11.758736610412598,76,76,76,76,76,76,76,76,1.0,0.0,1.0,0.0,1.0,0.0,1.0,0.0,0.15,0.15,0.15,0.15,0.15,0.15,0.15,0.15,[0. 0. 0. 0. 0. 0. 0. 0. 0. 0. 0. 0.],[0. 0. 0. 0. 0. 0. 0. 0. 0. 0. 0. 0.],[0. 0. 0. 0. 0. 0. 0. 0. 0. 0. 0. 0.],[0. 0. 0. 0. 0. 0. 0. 0. 0. 0. 0. 0.],[0. 0. 0. 0. 0. 0. 0. 0. 0. 0. 0. 0.],[0. 0. 0. 0. 0. 0. 0. 0. 0. 0. 0. 0.],[0. 0. 0. 0. 0. 0. 0. 0. 0. 0. 0. 0.],[0. 0. 0. 0. 0. 0. 0. 0. 0. 0. 0. 0.],0.3,0.3,0.3,0.3,0.3,0.3,0.3,0.3,0.01,0.01,0.01,0.01,0.01,0.01,0.01,0.01,,,,,,,,
212,1,-100.0,13.0,0.0,0.0,-100.0,15.0,0.0,0.0,8.315084457397461,8.315084457397461,8.315084457397461,8.315084457397461,8.315084457397461,8.315084457397461,8.315084457397461,8.315084457397461,56,56,56,56,56,56,56,56,1.0,0.0,0.0,0.0,1.0,0.0,0.0,0.0,0.15,0.15,0.15,0.15,0.15,0.15,0.15,0.15,[0. 0. 0. 0. 0. 0. 0. 0. 0. 0. 0. 0.],[0. 0. 0. 0. 0. 0. 0. 0. 0. 0. 0. 0.],[0. 0. 0. 0. 0. 0. 0. 0. 0. 0. 0. 0.],[0. 0. 0. 0. 0. 0. 0. 0. 0. 0. 0. 0.],[0. 0. 0. 0. 0. 0. 0. 0. 0. 0. 0. 0.],[0. 0. 0. 0. 0. 0. 0. 0. 0. 0. 0. 0.],[0. 0. 0. 0. 0. 0. 0. 0. 0. 0. 0. 0.],[0. 0. 0. 0. 0. 0. 0. 0. 0. 0. 0. 0.],0.3,0.3,0.3,0.3,0.3,0.3,0.3,0.3,0.01,0.01,0.01,0.01,0.01,0.01,0.01,0.01,,,,,,,,
213,3,0.1111111111111111,4.888888888888888,1.6666666666666667,-33.333333333333336,6.166666666666667,8.666666666666666,1.0,-32.5,9.066174189249674,9.066174189249674,9.066174189249674,9.066174189249674,9.066174189249674,9.066174189249674,9.066174189249674,9.066174189249674,145,145,145,145,145,145,145,145,0.0,0.0,0.0,1.0,0.0,0.0,0.0,1.0,0.15,0.15,0.15,0.15,0.15,0.15,0.15,0.15,[0. 0. 0. 0. 0. 0. 0. 0. 0. 0. 0. 0.],[0. 0. 0. 0. 0. 0. 0. 0. 0. 0. 0. 0.],[0. 0. 0. 0. 0. 0. 0. 0. 0. 0. 0. 0.],[0. 0. 0. 0. 0. 0. 0. 0. 0. 0. 0. 0.],[0. 0. 0. 0. 0. 0. 0. 0. 0. 0. 0. 0.],[0. 0. 0. 0. 0. 0. 0. 0. 0. 0. 0. 0.],[0. 0. 0. 0. 0. 0. 0. 0. 0. 0. 0. 0.],[0. 0. 0. 0. 0. 0. 0. 0. 0. 0. 0. 0.],0.3,0.3,0.3,0.3,0.3,0.3,0.3,0.3,0.01,0.01,0.01,0.01,0.01,0.01,0.01,0.01,,,,,,,,
214,2,0.16666666666666666,9.0,-35.583333333333336,1.25,9.166666666666666,0.5,-49.5,0.5,13.80654001235962,13.80654001235962,13.80654001235962,13.80654001235962,13.80654001235962,13.80654001235962,13.80654001235962,13.80654001235962,148,148,148,148,148,148,148,148,0.0,0.0,1.0,0.0,0.0,0.0,1.0,0.0,0.15,0.15,0.15,0.15,0.15,0.15,0.15,0.15,[0. 0. 0. 0. 0. 0. 0. 0. 0. 0. 0. 0.],[0. 0. 0. 0. 0. 0. 0. 0. 0. 0. 0. 0.],[0. 0. 0. 0. 0. 0. 0. 0. 0. 0. 0. 0.],[0. 0. 0. 0. 0. 0. 0. 0. 0. 0. 0. 0.],[0. 0. 0. 0. 0. 0. 0. 0. 0. 0. 0. 0.],[0. 0. 0. 0. 0. 0. 0. 0. 0. 0. 0. 0.],[0. 0. 0. 0. 0. 0. 0. 0. 0. 0. 0. 0.],[0. 0. 0. 0. 0. 0. 0. 0. 0. 0. 0. 0.],0.3,0.3,0.3,0.3,0.3,0.3,0.3,0.3,0.01,0.01,0.01,0.01,0.01,0.01,0.01,0.01,,,,,,,,
215,1,29.0,-79.0,-100.0,9.0,0.0,-100.0,-97.5,0.0,9.664704322814941,9.664704322814941,9.664704322814941,9.664704322814941,9.664704322814941,9.664704322814941,9.664704322814941,9.664704322814941,123,123,123,123,123,123,123,123,0.0,1.0,1.0,0.0,0.0,1.0,1.0,0.0,0.15,0.15,0.15,0.15,0.15,0.15,0.15,0.15,[0. 0. 0. 0. 0. 0. 0. 0. 0. 0. 0. 0.],[0. 0. 0. 0. 0. 0. 0. 0. 0. 0. 0. 0.],[0. 0. 0. 0. 0. 0. 0. 0. 0. 0. 0. 0.],[0. 0. 0. 0. 0. 0. 0. 0. 0. 0. 0. 0.],[0. 0. 0. 0. 0. 0. 0. 0. 0. 0. 0. 0.],[0. 0. 0. 0. 0. 0. 0. 0. 0. 0. 0. 0.],[0. 0. 0. 0. 0. 0. 0. 0. 0. 0. 0. 0.],[0. 0. 0. 0. 0. 0. 0. 0. 0. 0. 0. 0.],0.3,0.3,0.3,0.3,0.3,0.3,0.3,0.3,0.01,0.01,0.01,0.01,0.01,0.01,0.01,0.01,,,,,,,,
216,18,0.2248737373737374,-3.6684904601571273,1.2762345679012346,0.2281325156325156,0.14232295482295482,-4.962962962962963,0.32426346801346795,0.027777777777777776,9.192056894302368,9.192056894302368,9.192056894302368,9.192056894302368,9.192056894302368,9.192056894302368,9.192056894302368,9.192056894302368,256,256,256,256,256,256,256,256,0.0,1.0,0.0,0.0,0.0,1.0,0.0,0.0,0.15,0.15,0.15,0.15,0.15,0.15,0.15,0.15,[0. 0. 0. 0. 0. 0. 0. 0. 0. 0. 0. 0.],[0. 0. 0. 0. 0. 0. 0. 0. 0. 0. 0. 0.],[0. 0. 0. 0. 0. 0. 0. 0. 0. 0. 0. 0.],[0. 0. 0. 0. 0. 0. 0. 0. 0. 0. 0. 0.],[0. 0. 0. 0. 0. 0. 0. 0. 0. 0. 0. 0.],[0. 0. 0. 0. 0. 0. 0. 0. 0. 0. 0. 0.],[0. 0. 0. 0. 0. 0. 0. 0. 0. 0. 0. 0.],[0. 0. 0. 0. 0. 0. 0. 0. 0. 0. 0. 0.],0.3,0.3,0.3,0.3,0.3,0.3,0.3,0.3,0.01,0.01,0.01,0.01,0.01,0.01,0.01,0.01,,,,,,,,
217,7,-11.261904761904761,0.9214285714285715,0.03571428571428571,0.5714285714285714,-14.142857142857142,2.732142857142857,3.357142857142857,0.09523809523809523,10.376207011086601,10.376207011086601,10.376207011086601,10.376207011086601,10.376207011086601,10.376207011086601,10.376207011086601,10.376207011086601,177,177,177,177,177,177,177,177,1.0,0.0,0.0,0.0,1.0,0.0,0.0,0.0,0.15,0.15,0.15,0.15,0.15,0.15,0.15,0.15,[0. 0. 0. 0. 0. 0. 0. 0. 0. 0. 0. 0.],[0. 0. 0. 0. 0. 0. 0. 0. 0. 0. 0. 0.],[0. 0. 0. 0. 0. 0. 0. 0. 0. 0. 0. 0.],[0. 0. 0. 0. 0. 0. 0. 0. 0. 0. 0. 0.],[0. 0. 0. 0. 0. 0. 0. 0. 0. 0. 0. 0.],[0. 0. 0. 0. 0. 0. 0. 0. 0. 0. 0. 0.],[0. 0. 0. 0. 0. 0. 0. 0. 0. 0. 0. 0.],[0. 0. 0. 0. 0. 0. 0. 0. 0. 0. 0. 0.],0.3,0.3,0.3,0.3,0.3,0.3,0.3,0.3,0.01,0.01,0.01,0.01,0.01,0.01,0.01,0.01,,,,,,,,
218,1,-64.5,13.0,5.5,0.0,-92.0,2.5,0.0,1.5,8.936029434204102,8.936029434204102,8.936029434204102,8.936029434204102,8.936029434204102,8.936029434204102,8.936029434204102,8.936029434204102,132,132,132,132,132,132,132,132,1.0,0.0,0.0,0.0,1.0,0.0,0.0,0.0,0.15,0.15,0.15,0.15,0.15,0.15,0.15,0.15,[0. 0. 0. 0. 0. 0. 0. 0. 0. 0. 0. 0.],[0. 0. 0. 0. 0. 0. 0. 0. 0. 0. 0. 0.],[0. 0. 0. 0. 0. 0. 0. 0. 0. 0. 0. 0.],[0. 0. 0. 0. 0. 0. 0. 0. 0. 0. 0. 0.],[0. 0. 0. 0. 0. 0. 0. 0. 0. 0. 0. 0.],[0. 0. 0. 0. 0. 0. 0. 0. 0. 0. 0. 0.],[0. 0. 0. 0. 0. 0. 0. 0. 0. 0. 0. 0.],[0. 0. 0. 0. 0. 0. 0. 0. 0. 0. 0. 0.],0.3,0.3,0.3,0.3,0.3,0.3,0.3,0.3,0.01,0.01,0.01,0.01,0.01,0.01,0.01,0.01,,,,,,,,
219,1,-64.5,13.0,0.0,-96.0,-95.5,12.5,0.0,-98.0,9.455281257629395,9.455281257629395,9.455281257629395,9.455281257629395,9.455281257629395,9.455281257629395,9.455281257629395,9.455281257629395,143,143,143,143,143,143,143,143,1.0,0.0,0.0,1.0,1.0,0.0,0.0,1.0,0.15,0.15,0.15,0.15,0.15,0.15,0.15,0.15,[0. 0. 0. 0. 0. 0. 0. 0. 0. 0. 0. 0.],[0. 0. 0. 0. 0. 0. 0. 0. 0. 0. 0. 0.],[0. 0. 0. 0. 0. 0. 0. 0. 0. 0. 0. 0.],[0. 0. 0. 0. 0. 0. 0. 0. 0. 0. 0. 0.],[0. 0. 0. 0. 0. 0. 0. 0. 0. 0. 0. 0.],[0. 0. 0. 0. 0. 0. 0. 0. 0. 0. 0. 0.],[0. 0. 0. 0. 0. 0. 0. 0. 0. 0. 0. 0.],[0. 0. 0. 0. 0. 0. 0. 0. 0. 0. 0. 0.],0.3,0.3,0.3,0.3,0.3,0.3,0.3,0.3,0.01,0.01,0.01,0.01,0.01,0.01,0.01,0.01,,,,,,,,
220,5,2.55,-19.1,1.0333333333333332,1.9,5.906666666666666,-19.75,0.06666666666666667,2.5,10.123358726501465,10.123358726501465,10.123358726501465,10.123358726501465,10.123358726501465,10.123358726501465,10.123358726501465,10.123358726501465,170,170,170,170,170,170,170,170,0.0,1.0,0.0,0.0,0.0,1.0,0.0,0.0,0.15,0.15,0.15,0.15,0.15,0.15,0.15,0.15,[0. 0. 0. 0. 0. 0. 0. 0. 0. 0. 0. 0.],[0. 0. 0. 0. 0. 0. 0. 0. 0. 0. 0. 0.],[0. 0. 0. 0. 0. 0. 0. 0. 0. 0. 0. 0.],[0. 0. 0. 0. 0. 0. 0. 0. 0. 0. 0. 0.],[0. 0. 0. 0. 0. 0. 0. 0. 0. 0. 0. 0.],[0. 0. 0. 0. 0. 0. 0. 0. 0. 0. 0. 0.],[0. 0. 0. 0. 0. 0. 0. 0. 0. 0. 0. 0.],[0. 0. 0. 0. 0. 0. 0. 0. 0. 0. 0. 0.],0.3,0.3,0.3,0.3,0.3,0.3,0.3,0.3,0.01,0.01,0.01,0.01,0.01,0.01,0.01,0.01,,,,,,,,
221,2,16.25,7.25,0.25,-49.666666666666664,6.25,3.25,0.0,-47.75,10.456525325775146,10.456525325775146,10.456525325775146,10.456525325775146,10.456525325775146,10.456525325775146,10.456525325775146,10.456525325775146,145,145,145,145,145,145,145,145,0.0,0.0,0.0,1.0,0.0,0.0,0.0,1.0,0.15,0.15,0.15,0.15,0.15,0.15,0.15,0.15,[0. 0. 0. 0. 0. 0. 0. 0. 0. 0. 0. 0.],[0. 0. 0. 0. 0. 0. 0. 0. 0. 0. 0. 0.],[0. 0. 0. 0. 0. 0. 0. 0. 0. 0. 0. 0.],[0. 0. 0. 0. 0. 0. 0. 0. 0. 0. 0. 0.],[0. 0. 0. 0. 0. 0. 0. 0. 0. 0. 0. 0.],[0. 0. 0. 0. 0. 0. 0. 0. 0. 0. 0. 0.],[0. 0. 0. 0. 0. 0. 0. 0. 0. 0. 0. 0.],[0. 0. 0. 0. 0. 0. 0. 0. 0. 0. 0. 0.],0.3,0.3,0.3,0.3,0.3,0.3,0.3,0.3,0.01,0.01,0.01,0.01,0.01,0.01,0.01,0.01,,,,,,,,
222,2,-32.25,6.583333333333334,1.0,4.25,-49.5,1.0,4.416666666666667,0.16666666666666666,8.961784839630127,8.961784839630127,8.961784839630127,8.961784839630127,8.961784839630127,8.961784839630127,8.961784839630127,8.961784839630127,153,153,153,153,153,153,153,153,1.0,0.0,0.0,0.0,1.0,0.0,0.0,0.0,0.15,0.15,0.15,0.15,0.15,0.15,0.15,0.15,[0. 0. 0. 0. 0. 0. 0. 0. 0. 0. 0. 0.],[0. 0. 0. 0. 0. 0. 0. 0. 0. 0. 0. 0.],[0. 0. 0. 0. 0. 0. 0. 0. 0. 0. 0. 0.],[0. 0. 0. 0. 0. 0. 0. 0. 0. 0. 0. 0.],[0. 0. 0. 0. 0. 0. 0. 0. 0. 0. 0. 0.],[0. 0. 0. 0. 0. 0. 0. 0. 0. 0. 0. 0.],[0. 0. 0. 0. 0. 0. 0. 0. 0. 0. 0. 0.],[0. 0. 0. 0. 0. 0. 0. 0. 0. 0. 0. 0.],0.3,0.3,0.3,0.3,0.3,0.3,0.3,0.3,0.01,0.01,0.01,0.01,0.01,0.01,0.01,0.01,,,,,,,,
223,3,8.5,7.555555555555556,4.333333333333333,-33.333333333333336,2.0,1.138888888888889,0.3333333333333333,-32.0,9.263655662536621,9.263655662536621,9.263655662536621,9.263655662536621,9.263655662536621,9.263655662536621,9.263655662536621,9.263655662536621,158,158,158,158,158,158,158,158,0.0,0.0,0.0,1.0,0.0,0.0,0.0,1.0,0.15,0.15,0.15,0.15,0.15,0.15,0.15,0.15,[0. 0. 0. 0. 0. 0. 0. 0. 0. 0. 0. 0.],[0. 0. 0. 0. 0. 0. 0. 0. 0. 0. 0. 0.],[0. 0. 0. 0. 0. 0. 0. 0. 0. 0. 0. 0.],[0. 0. 0. 0. 0. 0. 0. 0. 0. 0. 0. 0.],[0. 0. 0. 0. 0. 0. 0. 0. 0. 0. 0. 0.],[0. 0. 0. 0. 0. 0. 0. 0. 0. 0. 0. 0.],[0. 0. 0. 0. 0. 0. 0. 0. 0. 0. 0. 0.],[0. 0. 0. 0. 0. 0. 0. 0. 0. 0. 0. 0.],0.3,0.3,0.3,0.3,0.3,0.3,0.3,0.3,0.01,0.01,0.01,0.01,0.01,0.01,0.01,0.01,,,,,,,,
224,1,0.0,0.0,-76.5,5.5,0.0,26.0,-87.0,0.0,9.44428825378418,9.44428825378418,9.44428825378418,9.44428825378418,9.44428825378418,9.44428825378418,9.44428825378418,9.44428825378418,136,136,136,136,136,136,136,136,0.0,0.0,1.0,0.0,0.0,0.0,1.0,0.0,0.15,0.15,0.15,0.15,0.15,0.15,0.15,0.15,[0. 0. 0. 0. 0. 0. 0. 0. 0. 0. 0. 0.],[0. 0. 0. 0. 0. 0. 0. 0. 0. 0. 0. 0.],[0. 0. 0. 0. 0. 0. 0. 0. 0. 0. 0. 0.],[0. 0. 0. 0. 0. 0. 0. 0. 0. 0. 0. 0.],[0. 0. 0. 0. 0. 0. 0. 0. 0. 0. 0. 0.],[0. 0. 0. 0. 0. 0. 0. 0. 0. 0. 0. 0.],[0. 0. 0. 0. 0. 0. 0. 0. 0. 0. 0. 0.],[0. 0. 0. 0. 0. 0. 0. 0. 0. 0. 0. 0.],0.3,0.3,0.3,0.3,0.3,0.3,0.3,0.3,0.01,0.01,0.01,0.01,0.01,0.01,0.01,0.01,,,,,,,,
225,11,-8.001443001443,2.4,0.25206611570247933,1.8051948051948052,-8.521212121212121,0.9545454545454546,0.20454545454545456,0.4090909090909091,10.246780568903143,10.246780568903143,10.246780568903143,10.246780568903143,10.246780568903143,10.246780568903143,10.246780568903143,10.246780568903143,208,208,208,208,208,208,208,208,1.0,0.0,0.0,0.0,1.0,0.0,0.0,0.0,0.15,0.15,0.15,0.15,0.15,0.15,0.15,0.15,[0. 0. 0. 0. 0. 0. 0. 0. 0. 0. 0. 0.],[0. 0. 0. 0. 0. 0. 0. 0. 0. 0. 0. 0.],[0. 0. 0. 0. 0. 0. 0. 0. 0. 0. 0. 0.],[0. 0. 0. 0. 0. 0. 0. 0. 0. 0. 0. 0.],[0. 0. 0. 0. 0. 0. 0. 0. 0. 0. 0. 0.],[0. 0. 0. 0. 0. 0. 0. 0. 0. 0. 0. 0.],[0. 0. 0. 0. 0. 0. 0. 0. 0. 0. 0. 0.],[0. 0. 0. 0. 0. 0. 0. 0. 0. 0. 0. 0.],0.3,0.3,0.3,0.3,0.3,0.3,0.3,0.3,0.01,0.01,0.01,0.01,0.01,0.01,0.01,0.01,,,,,,,,
226,1,0.0,-66.0,7.0,13.5,4.0,-100.0,2.5,0.0,10.903568267822266,10.903568267822266,10.903568267822266,10.903568267822266,10.903568267822266,10.903568267822266,10.903568267822266,10.903568267822266,122,122,122,122,122,122,122,122,0.0,1.0,0.0,0.0,0.0,1.0,0.0,0.0,0.15,0.15,0.15,0.15,0.15,0.15,0.15,0.15,[0. 0. 0. 0. 0. 0. 0. 0. 0. 0. 0. 0.],[0. 0. 0. 0. 0. 0. 0. 0. 0. 0. 0. 0.],[0. 0. 0. 0. 0. 0. 0. 0. 0. 0. 0. 0.],[0. 0. 0. 0. 0. 0. 0. 0. 0. 0. 0. 0.],[0. 0. 0. 0. 0. 0. 0. 0. 0. 0. 0. 0.],[0. 0. 0. 0. 0. 0. 0. 0. 0. 0. 0. 0.],[0. 0. 0. 0. 0. 0. 0. 0. 0. 0. 0. 0.],[0. 0. 0. 0. 0. 0. 0. 0. 0. 0. 0. 0.],0.3,0.3,0.3,0.3,0.3,0.3,0.3,0.3,0.01,0.01,0.01,0.01,0.01,0.01,0.01,0.01,,,,,,,,
227,1,13.0,-83.5,0.0,-68.0,0.0,-100.0,0.0,-94.0,9.32193660736084,9.32193660736084,9.32193660736084,9.32193660736084,9.32193660736084,9.32193660736084,9.32193660736084,9.32193660736084,135,135,135,135,135,135,135,135,0.0,1.0,0.0,1.0,0.0,1.0,0.0,1.0,0.15,0.15,0.15,0.15,0.15,0.15,0.15,0.15,[0. 0. 0. 0. 0. 0. 0. 0. 0. 0. 0. 0.],[0. 0. 0. 0. 0. 0. 0. 0. 0. 0. 0. 0.],[0. 0. 0. 0. 0. 0. 0. 0. 0. 0. 0. 0.],[0. 0. 0. 0. 0. 0. 0. 0. 0. 0. 0. 0.],[0. 0. 0. 0. 0. 0. 0. 0. 0. 0. 0. 0.],[0. 0. 0. 0. 0. 0. 0. 0. 0. 0. 0. 0.],[0. 0. 0. 0. 0. 0. 0. 0. 0. 0. 0. 0.],[0. 0. 0. 0. 0. 0. 0. 0. 0. 0. 0. 0.],0.3,0.3,0.3,0.3,0.3,0.3,0.3,0.3,0.01,0.01,0.01,0.01,0.01,0.01,0.01,0.01,,,,,,,,
228,4,1.65,0.4166666666666667,2.875,-22.5,0.08333333333333333,2.7083333333333335,5.875,-21.75,11.171168565750122,11.171168565750122,11.171168565750122,11.171168565750122,11.171168565750122,11.171168565750122,11.171168565750122,11.171168565750122,175,175,175,175,175,175,175,175,0.0,0.0,0.0,1.0,0.0,0.0,0.0,1.0,0.15,0.15,0.15,0.15,0.15,0.15,0.15,0.15,[0. 0. 0. 0. 0. 0. 0. 0. 0. 0. 0. 0.],[0. 0. 0. 0. 0. 0. 0. 0. 0. 0. 0. 0.],[0. 0. 0. 0. 0. 0. 0. 0. 0. 0. 0. 0.],[0. 0. 0. 0. 0. 0. 0. 0. 0. 0. 0. 0.],[0. 0. 0. 0. 0. 0. 0. 0. 0. 0. 0. 0.],[0. 0. 0. 0. 0. 0. 0. 0. 0. 0. 0. 0.],[0. 0. 0. 0. 0. 0. 0. 0. 0. 0. 0. 0.],[0. 0. 0. 0. 0. 0. 0. 0. 0. 0. 0. 0.],0.3,0.3,0.3,0.3,0.3,0.3,0.3,0.3,0.01,0.01,0.01,0.01,0.01,0.01,0.01,0.01,,,,,,,,
229,1,0.0,-66.0,7.0,0.0,14.0,-99.5,1.0,0.0,9.913175582885742,9.913175582885742,9.913175582885742,9.913175582885742,9.913175582885742,9.913175582885742,9.913175582885742,9.913175582885742,113,113,113,113,113,113,113,113,0.0,1.0,0.0,0.0,0.0,1.0,0.0,0.0,0.15,0.15,0.15,0.15,0.15,0.15,0.15,0.15,[0. 0. 0. 0. 0. 0. 0. 0. 0. 0. 0. 0.],[0. 0. 0. 0. 0. 0. 0. 0. 0. 0. 0. 0.],[0. 0. 0. 0. 0. 0. 0. 0. 0. 0. 0. 0.],[0. 0. 0. 0. 0. 0. 0. 0. 0. 0. 0. 0.],[0. 0. 0. 0. 0. 0. 0. 0. 0. 0. 0. 0.],[0. 0. 0. 0. 0. 0. 0. 0. 0. 0. 0. 0.],[0. 0. 0. 0. 0. 0. 0. 0. 0. 0. 0. 0.],[0. 0. 0. 0. 0. 0. 0. 0. 0. 0. 0. 0.],0.3,0.3,0.3,0.3,0.3,0.3,0.3,0.3,0.01,0.01,0.01,0.01,0.01,0.01,0.01,0.01,,,,,,,,
230,1,-100.0,0.0,32.5,0.0,-81.5,2.0,5.0,0.0,11.307477951049805,11.307477951049805,11.307477951049805,11.307477951049805,11.307477951049805,11.307477951049805,11.307477951049805,11.307477951049805,116,116,116,116,116,116,116,116,1.0,0.0,0.0,0.0,1.0,0.0,0.0,0.0,0.15,0.15,0.15,0.15,0.15,0.15,0.15,0.15,[0. 0. 0. 0. 0. 0. 0. 0. 0. 0. 0. 0.],[0. 0. 0. 0. 0. 0. 0. 0. 0. 0. 0. 0.],[0. 0. 0. 0. 0. 0. 0. 0. 0. 0. 0. 0.],[0. 0. 0. 0. 0. 0. 0. 0. 0. 0. 0. 0.],[0. 0. 0. 0. 0. 0. 0. 0. 0. 0. 0. 0.],[0. 0. 0. 0. 0. 0. 0. 0. 0. 0. 0. 0.],[0. 0. 0. 0. 0. 0. 0. 0. 0. 0. 0. 0.],[0. 0. 0. 0. 0. 0. 0. 0. 0. 0. 0. 0.],0.3,0.3,0.3,0.3,0.3,0.3,0.3,0.3,0.01,0.01,0.01,0.01,0.01,0.01,0.01,0.01,,,,,,,,
231,1,18.5,-68.5,15.0,1.0,0.5,-100.0,0.0,0.0,12.626664161682129,12.626664161682129,12.626664161682129,12.626664161682129,12.626664161682129,12.626664161682129,12.626664161682129,12.626664161682129,133,133,133,133,133,133,133,133,0.0,1.0,0.0,0.0,0.0,1.0,0.0,0.0,0.15,0.15,0.15,0.15,0.15,0.15,0.15,0.15,[0. 0. 0. 0. 0. 0. 0. 0. 0. 0. 0. 0.],[0. 0. 0. 0. 0. 0. 0. 0. 0. 0. 0. 0.],[0. 0. 0. 0. 0. 0. 0. 0. 0. 0. 0. 0.],[0. 0. 0. 0. 0. 0. 0. 0. 0. 0. 0. 0.],[0. 0. 0. 0. 0. 0. 0. 0. 0. 0. 0. 0.],[0. 0. 0. 0. 0. 0. 0. 0. 0. 0. 0. 0.],[0. 0. 0. 0. 0. 0. 0. 0. 0. 0. 0. 0.],[0. 0. 0. 0. 0. 0. 0. 0. 0. 0. 0. 0.],0.3,0.3,0.3,0.3,0.3,0.3,0.3,0.3,0.01,0.01,0.01,0.01,0.01,0.01,0.01,0.01,,,,,,,,
232,3,-24.083333333333332,5.277777777777778,2.027777777777778,5.75,-33.333333333333336,1.1666666666666667,0.0,0.16666666666666666,9.749632199605307,9.749632199605307,9.749632199605307,9.749632199605307,9.749632199605307,9.749632199605307,9.749632199605307,9.749632199605307,167,167,167,167,167,167,167,167,1.0,0.0,0.0,0.0,1.0,0.0,0.0,0.0,0.15,0.15,0.15,0.15,0.15,0.15,0.15,0.15,[0. 0. 0. 0. 0. 0. 0. 0. 0. 0. 0. 0.],[0. 0. 0. 0. 0. 0. 0. 0. 0. 0. 0. 0.],[0. 0. 0. 0. 0. 0. 0. 0. 0. 0. 0. 0.],[0. 0. 0. 0. 0. 0. 0. 0. 0. 0. 0. 0.],[0. 0. 0. 0. 0. 0. 0. 0. 0. 0. 0. 0.],[0. 0. 0. 0. 0. 0. 0. 0. 0. 0. 0. 0.],[0. 0. 0. 0. 0. 0. 0. 0. 0. 0. 0. 0.],[0. 0. 0. 0. 0. 0. 0. 0. 0. 0. 0. 0.],0.3,0.3,0.3,0.3,0.3,0.3,0.3,0.3,0.01,0.01,0.01,0.01,0.01,0.01,0.01,0.01,,,,,,,,
233,14,0.6531968031968031,0.6401340722769293,1.036394557823129,0.07857142857142858,2.2279761904761903,0.02040816326530612,0.1738095238095238,1.6718820861678,10.75969512122018,10.75969512122018,10.75969512122018,10.75969512122018,10.75969512122018,10.75969512122018,10.75969512122018,10.75969512122018,272,272,272,272,272,272,272,272,0.0,0.0,0.0,0.0,0.0,0.0,0.0,0.0,0.15,0.15,0.15,0.15,0.15,0.15,0.15,0.15,[0. 0. 0. 0. 0. 0. 0. 0. 0. 0. 0. 0.],[0. 0. 0. 0. 0. 0. 0. 0. 0. 0. 0. 0.],[0. 0. 0. 0. 0. 0. 0. 0. 0. 0. 0. 0.],[0. 0. 0. 0. 0. 0. 0. 0. 0. 0. 0. 0.],[0. 0. 0. 0. 0. 0. 0. 0. 0. 0. 0. 0.],[0. 0. 0. 0. 0. 0. 0. 0. 0. 0. 0. 0.],[0. 0. 0. 0. 0. 0. 0. 0. 0. 0. 0. 0.],[0. 0. 0. 0. 0. 0. 0. 0. 0. 0. 0. 0.],0.3,0.3,0.3,0.3,0.3,0.3,0.3,0.3,0.01,0.01,0.01,0.01,0.01,0.01,0.01,0.01,,,,,,,,
234,7,2.047619047619048,-10.464285714285714,0.9408163265306121,0.4047619047619047,2.4047619047619047,-13.392857142857142,0.0,0.09523809523809523,9.643271309988839,9.643271309988839,9.643271309988839,9.643271309988839,9.643271309988839,9.643271309988839,9.643271309988839,9.643271309988839,185,185,185,185,185,185,185,185,0.0,1.0,0.0,0.0,0.0,1.0,0.0,0.0,0.15,0.15,0.15,0.15,0.15,0.15,0.15,0.15,[0. 0. 0. 0. 0. 0. 0. 0. 0. 0. 0. 0.],[0. 0. 0. 0. 0. 0. 0. 0. 0. 0. 0. 0.],[0. 0. 0. 0. 0. 0. 0. 0. 0. 0. 0. 0.],[0. 0. 0. 0. 0. 0. 0. 0. 0. 0. 0. 0.],[0. 0. 0. 0. 0. 0. 0. 0. 0. 0. 0. 0.],[0. 0. 0. 0. 0. 0. 0. 0. 0. 0. 0. 0.],[0. 0. 0. 0. 0. 0. 0. 0. 0. 0. 0. 0.],[0. 0. 0. 0. 0. 0. 0. 0. 0. 0. 0. 0.],0.3,0.3,0.3,0.3,0.3,0.3,0.3,0.3,0.01,0.01,0.01,0.01,0.01,0.01,0.01,0.01,,,,,,,,
235,1,-81.5,0.0,0.0,4.0,-100.0,31.5,10.0,0.0,13.92226505279541,13.92226505279541,13.92226505279541,13.92226505279541,13.92226505279541,13.92226505279541,13.92226505279541,13.92226505279541,128,128,128,128,128,128,128,128,1.0,0.0,0.0,0.0,1.0,0.0,0.0,0.0,0.15,0.15,0.15,0.15,0.15,0.15,0.15,0.15,[0. 0. 0. 0. 0. 0. 0. 0. 0. 0. 0. 0.],[0. 0. 0. 0. 0. 0. 0. 0. 0. 0. 0. 0.],[0. 0. 0. 0. 0. 0. 0. 0. 0. 0. 0. 0.],[0. 0. 0. 0. 0. 0. 0. 0. 0. 0. 0. 0.],[0. 0. 0. 0. 0. 0. 0. 0. 0. 0. 0. 0.],[0. 0. 0. 0. 0. 0. 0. 0. 0. 0. 0. 0.],[0. 0. 0. 0. 0. 0. 0. 0. 0. 0. 0. 0.],[0. 0. 0. 0. 0. 0. 0. 0. 0. 0. 0. 0.],0.3,0.3,0.3,0.3,0.3,0.3,0.3,0.3,0.01,0.01,0.01,0.01,0.01,0.01,0.01,0.01,,,,,,,,
236,1,18.5,2.5,2.5,-68.0,0.0,7.5,0.5,-95.5,8.556700706481934,8.556700706481934,8.556700706481934,8.556700706481934,8.556700706481934,8.556700706481934,8.556700706481934,8.556700706481934,136,136,136,136,136,136,136,136,0.0,0.0,0.0,1.0,0.0,0.0,0.0,1.0,0.15,0.15,0.15,0.15,0.15,0.15,0.15,0.15,[0. 0. 0. 0. 0. 0. 0. 0. 0. 0. 0. 0.],[0. 0. 0. 0. 0. 0. 0. 0. 0. 0. 0. 0.],[0. 0. 0. 0. 0. 0. 0. 0. 0. 0. 0. 0.],[0. 0. 0. 0. 0. 0. 0. 0. 0. 0. 0. 0.],[0. 0. 0. 0. 0. 0. 0. 0. 0. 0. 0. 0.],[0. 0. 0. 0. 0. 0. 0. 0. 0. 0. 0. 0.],[0. 0. 0. 0. 0. 0. 0. 0. 0. 0. 0. 0.],[0. 0. 0. 0. 0. 0. 0. 0. 0. 0. 0. 0.],0.3,0.3,0.3,0.3,0.3,0.3,0.3,0.3,0.01,0.01,0.01,0.01,0.01,0.01,0.01,0.01,,,,,,,,
237,3,11.833333333333334,-30.5,2.6666666666666665,-32.583333333333336,0.08333333333333333,-31.25,3.0,-33.333333333333336,9.292252540588379,9.292252540588379,9.292252540588379,9.292252540588379,9.292252540588379,9.292252540588379,9.292252540588379,9.292252540588379,152,152,152,152,152,152,152,152,0.0,1.0,0.0,1.0,0.0,1.0,0.0,1.0,0.15,0.15,0.15,0.15,0.15,0.15,0.15,0.15,[0. 0. 0. 0. 0. 0. 0. 0. 0. 0. 0. 0.],[0. 0. 0. 0. 0. 0. 0. 0. 0. 0. 0. 0.],[0. 0. 0. 0. 0. 0. 0. 0. 0. 0. 0. 0.],[0. 0. 0. 0. 0. 0. 0. 0. 0. 0. 0. 0.],[0. 0. 0. 0. 0. 0. 0. 0. 0. 0. 0. 0.],[0. 0. 0. 0. 0. 0. 0. 0. 0. 0. 0. 0.],[0. 0. 0. 0. 0. 0. 0. 0. 0. 0. 0. 0.],[0. 0. 0. 0. 0. 0. 0. 0. 0. 0. 0. 0.],0.3,0.3,0.3,0.3,0.3,0.3,0.3,0.3,0.01,0.01,0.01,0.01,0.01,0.01,0.01,0.01,,,,,,,,
238,13,1.0973526473526474,1.457142857142857,0.16923076923076924,2.551282051282051,0.5744810744810744,0.12893772893772892,0.08731268731268729,0.2692307692307692,10.489236391507662,10.489236391507662,10.489236391507662,10.489236391507662,10.489236391507662,10.489236391507662,10.489236391507662,10.489236391507662,265,265,265,265,265,265,265,265,0.0,0.0,0.0,0.0,0.0,0.0,0.0,0.0,0.15,0.15,0.15,0.15,0.15,0.15,0.15,0.15,[0. 0. 0. 0. 0. 0. 0. 0. 0. 0. 0. 0.],[0. 0. 0. 0. 0. 0. 0. 0. 0. 0. 0. 0.],[0. 0. 0. 0. 0. 0. 0. 0. 0. 0. 0. 0.],[0. 0. 0. 0. 0. 0. 0. 0. 0. 0. 0. 0.],[0. 0. 0. 0. 0. 0. 0. 0. 0. 0. 0. 0.],[0. 0. 0. 0. 0. 0. 0. 0. 0. 0. 0. 0.],[0. 0. 0. 0. 0. 0. 0. 0. 0. 0. 0. 0.],[0. 0. 0. 0. 0. 0. 0. 0. 0. 0. 0. 0.],0.3,0.3,0.3,0.3,0.3,0.3,0.3,0.3,0.01,0.01,0.01,0.01,0.01,0.01,0.01,0.01,,,,,,,,
239,1,-89.0,0.0,34.0,8.5,-100.0,9.0,5.0,0.0,13.028217315673828,13.028217315673828,13.028217315673828,13.028217315673828,13.028217315673828,13.028217315673828,13.028217315673828,13.028217315673828,135,135,135,135,135,135,135,135,1.0,0.0,0.0,0.0,1.0,0.0,0.0,0.0,0.15,0.15,0.15,0.15,0.15,0.15,0.15,0.15,[0. 0. 0. 0. 0. 0. 0. 0. 0. 0. 0. 0.],[0. 0. 0. 0. 0. 0. 0. 0. 0. 0. 0. 0.],[0. 0. 0. 0. 0. 0. 0. 0. 0. 0. 0. 0.],[0. 0. 0. 0. 0. 0. 0. 0. 0. 0. 0. 0.],[0. 0. 0. 0. 0. 0. 0. 0. 0. 0. 0. 0.],[0. 0. 0. 0. 0. 0. 0. 0. 0. 0. 0. 0.],[0. 0. 0. 0. 0. 0. 0. 0. 0. 0. 0. 0.],[0. 0. 0. 0. 0. 0. 0. 0. 0. 0. 0. 0.],0.3,0.3,0.3,0.3,0.3,0.3,0.3,0.3,0.01,0.01,0.01,0.01,0.01,0.01,0.01,0.01,,,,,,,,
240,4,8.7625,-22.208333333333332,0.3125,5.095833333333333,2.9875,-24.541666666666668,0.08333333333333333,0.08333333333333333,10.208548784255981,10.208548784255981,10.208548784255981,10.208548784255981,10.208548784255981,10.208548784255981,10.208548784255981,10.208548784255981,186,186,186,186,186,186,186,186,0.0,1.0,0.0,0.0,0.0,1.0,0.0,0.0,0.15,0.15,0.15,0.15,0.15,0.15,0.15,0.15,[0. 0. 0. 0. 0. 0. 0. 0. 0. 0. 0. 0.],[0. 0. 0. 0. 0. 0. 0. 0. 0. 0. 0. 0.],[0. 0. 0. 0. 0. 0. 0. 0. 0. 0. 0. 0.],[0. 0. 0. 0. 0. 0. 0. 0. 0. 0. 0. 0.],[0. 0. 0. 0. 0. 0. 0. 0. 0. 0. 0. 0.],[0. 0. 0. 0. 0. 0. 0. 0. 0. 0. 0. 0.],[0. 0. 0. 0. 0. 0. 0. 0. 0. 0. 0. 0.],[0. 0. 0. 0. 0. 0. 0. 0. 0. 0. 0. 0.],0.3,0.3,0.3,0.3,0.3,0.3,0.3,0.3,0.01,0.01,0.01,0.01,0.01,0.01,0.01,0.01,,,,,,,,
241,7,0.5833333333333334,-12.5,0.16326530612244897,1.375,3.380952380952381,-13.671428571428573,2.7142857142857144,0.30612244897959184,9.765612534114293,9.765612534114293,9.765612534114293,9.765612534114293,9.765612534114293,9.765612534114293,9.765612534114293,9.765612534114293,196,196,196,196,196,196,196,196,0.0,1.0,0.0,0.0,0.0,1.0,0.0,0.0,0.15,0.15,0.15,0.15,0.15,0.15,0.15,0.15,[0. 0. 0. 0. 0. 0. 0. 0. 0. 0. 0. 0.],[0. 0. 0. 0. 0. 0. 0. 0. 0. 0. 0. 0.],[0. 0. 0. 0. 0. 0. 0. 0. 0. 0. 0. 0.],[0. 0. 0. 0. 0. 0. 0. 0. 0. 0. 0. 0.],[0. 0. 0. 0. 0. 0. 0. 0. 0. 0. 0. 0.],[0. 0. 0. 0. 0. 0. 0. 0. 0. 0. 0. 0.],[0. 0. 0. 0. 0. 0. 0. 0. 0. 0. 0. 0.],[0. 0. 0. 0. 0. 0. 0. 0. 0. 0. 0. 0.],0.3,0.3,0.3,0.3,0.3,0.3,0.3,0.3,0.01,0.01,0.01,0.01,0.01,0.01,0.01,0.01,,,,,,,,
242,6,6.125,-15.222222222222221,0.0,1.9888888888888887,2.055555555555556,-16.416666666666668,1.9166666666666667,0.65,10.614208380381266,10.614208380381266,10.614208380381266,10.614208380381266,10.614208380381266,10.614208380381266,10.614208380381266,10.614208380381266,202,202,202,202,202,202,202,202,0.0,1.0,0.0,0.0,0.0,1.0,0.0,0.0,0.15,0.15,0.15,0.15,0.15,0.15,0.15,0.15,[0. 0. 0. 0. 0. 0. 0. 0. 0. 0. 0. 0.],[0. 0. 0. 0. 0. 0. 0. 0. 0. 0. 0. 0.],[0. 0. 0. 0. 0. 0. 0. 0. 0. 0. 0. 0.],[0. 0. 0. 0. 0. 0. 0. 0. 0. 0. 0. 0.],[0. 0. 0. 0. 0. 0. 0. 0. 0. 0. 0. 0.],[0. 0. 0. 0. 0. 0. 0. 0. 0. 0. 0. 0.],[0. 0. 0. 0. 0. 0. 0. 0. 0. 0. 0. 0.],[0. 0. 0. 0. 0. 0. 0. 0. 0. 0. 0. 0.],0.3,0.3,0.3,0.3,0.3,0.3,0.3,0.3,0.01,0.01,0.01,0.01,0.01,0.01,0.01,0.01,,,,,,,,
243,3,-31.555555555555557,0.4166666666666667,4.083333333333333,1.222222222222222,-29.166666666666668,5.166666666666667,6.333333333333333,0.0,9.68106492360433,9.68106492360433,9.68106492360433,9.68106492360433,9.68106492360433,9.68106492360433,9.68106492360433,9.68106492360433,151,151,151,151,151,151,151,151,1.0,0.0,0.0,0.0,1.0,0.0,0.0,0.0,0.15,0.15,0.15,0.15,0.15,0.15,0.15,0.15,[0. 0. 0. 0. 0. 0. 0. 0. 0. 0. 0. 0.],[0. 0. 0. 0. 0. 0. 0. 0. 0. 0. 0. 0.],[0. 0. 0. 0. 0. 0. 0. 0. 0. 0. 0. 0.],[0. 0. 0. 0. 0. 0. 0. 0. 0. 0. 0. 0.],[0. 0. 0. 0. 0. 0. 0. 0. 0. 0. 0. 0.],[0. 0. 0. 0. 0. 0. 0. 0. 0. 0. 0. 0.],[0. 0. 0. 0. 0. 0. 0. 0. 0. 0. 0. 0.],[0. 0. 0. 0. 0. 0. 0. 0. 0. 0. 0. 0.],0.3,0.3,0.3,0.3,0.3,0.3,0.3,0.3,0.01,0.01,0.01,0.01,0.01,0.01,0.01,0.01,,,,,,,,
244,4,8.125,0.9166666666666666,-20.416666666666668,0.5,1.125,2.1875,-23.125,0.0,10.416338920593262,10.416338920593262,10.416338920593262,10.416338920593262,10.416338920593262,10.416338920593262,10.416338920593262,10.416338920593262,165,165,165,165,165,165,165,165,0.0,0.0,1.0,0.0,0.0,0.0,1.0,0.0,0.15,0.15,0.15,0.15,0.15,0.15,0.15,0.15,[0. 0. 0. 0. 0. 0. 0. 0. 0. 0. 0. 0.],[0. 0. 0. 0. 0. 0. 0. 0. 0. 0. 0. 0.],[0. 0. 0. 0. 0. 0. 0. 0. 0. 0. 0. 0.],[0. 0. 0. 0. 0. 0. 0. 0. 0. 0. 0. 0.],[0. 0. 0. 0. 0. 0. 0. 0. 0. 0. 0. 0.],[0. 0. 0. 0. 0. 0. 0. 0. 0. 0. 0. 0.],[0. 0. 0. 0. 0. 0. 0. 0. 0. 0. 0. 0.],[0. 0. 0. 0. 0. 0. 0. 0. 0. 0. 0. 0.],0.3,0.3,0.3,0.3,0.3,0.3,0.3,0.3,0.01,0.01,0.01,0.01,0.01,0.01,0.01,0.01,,,,,,,,
245,35,1.1067063492063494,0.34100592390066076,0.11635269492412349,0.14607535321821036,0.1414965986394558,-2.5285714285714285,0.11428571428571428,-2.857142857142857,10.179201207842146,10.179201207842146,10.179201207842146,10.179201207842146,10.179201207842146,10.179201207842146,10.179201207842146,10.179201207842146,222,222,222,222,222,222,222,222,0.0,0.0,0.0,0.0,0.0,1.0,0.0,1.0,0.15,0.15,0.15,0.15,0.15,0.15,0.15,0.15,[0. 0. 0. 0. 0. 0. 0. 0. 0. 0. 0. 0.],[0. 0. 0. 0. 0. 0. 0. 0. 0. 0. 0. 0.],[0. 0. 0. 0. 0. 0. 0. 0. 0. 0. 0. 0.],[0. 0. 0. 0. 0. 0. 0. 0. 0. 0. 0. 0.],[0. 0. 0. 0. 0. 0. 0. 0. 0. 0. 0. 0.],[0. 0. 0. 0. 0. 0. 0. 0. 0. 0. 0. 0.],[0. 0. 0. 0. 0. 0. 0. 0. 0. 0. 0. 0.],[0. 0. 0. 0. 0. 0. 0. 0. 0. 0. 0. 0.],0.3,0.3,0.3,0.3,0.3,0.3,0.3,0.3,0.01,0.01,0.01,0.01,0.01,0.01,0.01,0.01,,,,,,,,
246,10,1.9971464646464647,-8.116666666666665,1.3900000000000001,0.75,0.7166666666666667,-9.816666666666666,0.23333333333333334,0.13333333333333333,10.217330408096313,10.217330408096313,10.217330408096313,10.217330408096313,10.217330408096313,10.217330408096313,10.217330408096313,10.217330408096313,224,224,224,224,224,224,224,224,0.0,1.0,0.0,0.0,0.0,1.0,0.0,0.0,0.15,0.15,0.15,0.15,0.15,0.15,0.15,0.15,[0. 0. 0. 0. 0. 0. 0. 0. 0. 0. 0. 0.],[0. 0. 0. 0. 0. 0. 0. 0. 0. 0. 0. 0.],[0. 0. 0. 0. 0. 0. 0. 0. 0. 0. 0. 0.],[0. 0. 0. 0. 0. 0. 0. 0. 0. 0. 0. 0.],[0. 0. 0. 0. 0. 0. 0. 0. 0. 0. 0. 0.],[0. 0. 0. 0. 0. 0. 0. 0. 0. 0. 0. 0.],[0. 0. 0. 0. 0. 0. 0. 0. 0. 0. 0. 0.],[0. 0. 0. 0. 0. 0. 0. 0. 0. 0. 0. 0.],0.3,0.3,0.3,0.3,0.3,0.3,0.3,0.3,0.01,0.01,0.01,0.01,0.01,0.01,0.01,0.01,,,,,,,,
247,1,11.0,5.0,-100.0,0.0,0.0,21.5,-81.0,0.5,9.600918769836426,9.600918769836426,9.600918769836426,9.600918769836426,9.600918769836426,9.600918769836426,9.600918769836426,9.600918769836426,114,114,114,114,114,114,114,114,0.0,0.0,1.0,0.0,0.0,0.0,1.0,0.0,0.15,0.15,0.15,0.15,0.15,0.15,0.15,0.15,[0. 0. 0. 0. 0. 0. 0. 0. 0. 0. 0. 0.],[0. 0. 0. 0. 0. 0. 0. 0. 0. 0. 0. 0.],[0. 0. 0. 0. 0. 0. 0. 0. 0. 0. 0. 0.],[0. 0. 0. 0. 0. 0. 0. 0. 0. 0. 0. 0.],[0. 0. 0. 0. 0. 0. 0. 0. 0. 0. 0. 0.],[0. 0. 0. 0. 0. 0. 0. 0. 0. 0. 0. 0.],[0. 0. 0. 0. 0. 0. 0. 0. 0. 0. 0. 0.],[0. 0. 0. 0. 0. 0. 0. 0. 0. 0. 0. 0.],0.3,0.3,0.3,0.3,0.3,0.3,0.3,0.3,0.01,0.01,0.01,0.01,0.01,0.01,0.01,0.01,,,,,,,,
248,2,6.5,16.25,10.25,-47.0,0.0,0.75,2.5,-49.5,8.522556781768799,8.522556781768799,8.522556781768799,8.522556781768799,8.522556781768799,8.522556781768799,8.522556781768799,8.522556781768799,159,159,159,159,159,159,159,159,0.0,0.0,0.0,1.0,0.0,0.0,0.0,1.0,0.15,0.15,0.15,0.15,0.15,0.15,0.15,0.15,[0. 0. 0. 0. 0. 0. 0. 0. 0. 0. 0. 0.],[0. 0. 0. 0. 0. 0. 0. 0. 0. 0. 0. 0.],[0. 0. 0. 0. 0. 0. 0. 0. 0. 0. 0. 0.],[0. 0. 0. 0. 0. 0. 0. 0. 0. 0. 0. 0.],[0. 0. 0. 0. 0. 0. 0. 0. 0. 0. 0. 0.],[0. 0. 0. 0. 0. 0. 0. 0. 0. 0. 0. 0.],[0. 0. 0. 0. 0. 0. 0. 0. 0. 0. 0. 0.],[0. 0. 0. 0. 0. 0. 0. 0. 0. 0. 0. 0.],0.3,0.3,0.3,0.3,0.3,0.3,0.3,0.3,0.01,0.01,0.01,0.01,0.01,0.01,0.01,0.01,,,,,,,,
249,7,-9.754761904761905,0.7074829931972789,1.7142857142857142,0.4107142857142857,-14.071428571428571,0.047619047619047616,2.642857142857143,0.8551020408163266,10.696920394897461,10.696920394897461,10.696920394897461,10.696920394897461,10.696920394897461,10.696920394897461,10.696920394897461,10.696920394897461,194,194,194,194,194,194,194,194,1.0,0.0,0.0,0.0,1.0,0.0,0.0,0.0,0.15,0.15,0.15,0.15,0.15,0.15,0.15,0.15,[0. 0. 0. 0. 0. 0. 0. 0. 0. 0. 0. 0.],[0. 0. 0. 0. 0. 0. 0. 0. 0. 0. 0. 0.],[0. 0. 0. 0. 0. 0. 0. 0. 0. 0. 0. 0.],[0. 0. 0. 0. 0. 0. 0. 0. 0. 0. 0. 0.],[0. 0. 0. 0. 0. 0. 0. 0. 0. 0. 0. 0.],[0. 0. 0. 0. 0. 0. 0. 0. 0. 0. 0. 0.],[0. 0. 0. 0. 0. 0. 0. 0. 0. 0. 0. 0.],[0. 0. 0. 0. 0. 0. 0. 0. 0. 0. 0. 0.],0.3,0.3,0.3,0.3,0.3,0.3,0.3,0.3,0.01,0.01,0.01,0.01,0.01,0.01,0.01,0.01,,,,,,,,
250,2,-50.0,13.0,0.0,5.416666666666667,-49.25,2.25,6.833333333333333,0.3333333333333333,10.9735426902771,10.9735426902771,10.9735426902771,10.9735426902771,10.9735426902771,10.9735426902771,10.9735426902771,10.9735426902771,129,129,129,129,129,129,129,129,1.0,0.0,0.0,0.0,1.0,0.0,0.0,0.0,0.15,0.15,0.15,0.15,0.15,0.15,0.15,0.15,[0. 0. 0. 0. 0. 0. 0. 0. 0. 0. 0. 0.],[0. 0. 0. 0. 0. 0. 0. 0. 0. 0. 0. 0.],[0. 0. 0. 0. 0. 0. 0. 0. 0. 0. 0. 0.],[0. 0. 0. 0. 0. 0. 0. 0. 0. 0. 0. 0.],[0. 0. 0. 0. 0. 0. 0. 0. 0. 0. 0. 0.],[0. 0. 0. 0. 0. 0. 0. 0. 0. 0. 0. 0.],[0. 0. 0. 0. 0. 0. 0. 0. 0. 0. 0. 0.],[0. 0. 0. 0. 0. 0. 0. 0. 0. 0. 0. 0.],0.3,0.3,0.3,0.3,0.3,0.3,0.3,0.3,0.01,0.01,0.01,0.01,0.01,0.01,0.01,0.01,,,,,,,,
251,37,0.7276563360204897,0.06786786786786787,0.6803088803088803,0.16216216216216217,0.2547092547092547,0.16366366366366367,0.1163686906301507,0.045454545454545456,10.071992332870895,10.071992332870895,10.071992332870895,10.071992332870895,10.071992332870895,10.071992332870895,10.071992332870895,10.071992332870895,281,281,281,281,281,281,281,281,0.0,0.0,0.0,0.0,0.0,0.0,0.0,0.0,0.15,0.15,0.15,0.15,0.15,0.15,0.15,0.15,[0. 0. 0. 0. 0. 0. 0. 0. 0. 0. 0. 0.],[0. 0. 0. 0. 0. 0. 0. 0. 0. 0. 0. 0.],[0. 0. 0. 0. 0. 0. 0. 0. 0. 0. 0. 0.],[0. 0. 0. 0. 0. 0. 0. 0. 0. 0. 0. 0.],[0. 0. 0. 0. 0. 0. 0. 0. 0. 0. 0. 0.],[0. 0. 0. 0. 0. 0. 0. 0. 0. 0. 0. 0.],[0. 0. 0. 0. 0. 0. 0. 0. 0. 0. 0. 0.],[0. 0. 0. 0. 0. 0. 0. 0. 0. 0. 0. 0.],0.3,0.3,0.3,0.3,0.3,0.3,0.3,0.3,0.01,0.01,0.01,0.01,0.01,0.01,0.01,0.01,,,,,,,,
252,27,0.5486207803459265,0.27267331433998104,0.20046392147841421,0.3540673264357474,0.007407407407407408,0.6341332263717886,0.04726631393298059,0.8549382716049382,10.68156447233977,10.68156447233977,10.68156447233977,10.68156447233977,10.68156447233977,10.68156447233977,10.68156447233977,10.68156447233977,266,266,266,266,266,266,266,266,0.0,0.0,0.0,0.0,0.0,0.0,0.0,0.0,0.15,0.15,0.15,0.15,0.15,0.15,0.15,0.15,[0. 0. 0. 0. 0. 0. 0. 0. 0. 0. 0. 0.],[0. 0. 0. 0. 0. 0. 0. 0. 0. 0. 0. 0.],[0. 0. 0. 0. 0. 0. 0. 0. 0. 0. 0. 0.],[0. 0. 0. 0. 0. 0. 0. 0. 0. 0. 0. 0.],[0. 0. 0. 0. 0. 0. 0. 0. 0. 0. 0. 0.],[0. 0. 0. 0. 0. 0. 0. 0. 0. 0. 0. 0.],[0. 0. 0. 0. 0. 0. 0. 0. 0. 0. 0. 0.],[0. 0. 0. 0. 0. 0. 0. 0. 0. 0. 0. 0.],0.3,0.3,0.3,0.3,0.3,0.3,0.3,0.3,0.01,0.01,0.01,0.01,0.01,0.01,0.01,0.01,,,,,,,,
253,44,0.04511367515399773,0.7133928571428572,0.3233766233766234,0.04491341991341991,0.22673160173160173,0.18181818181818182,0.22853535353535354,0.0756070064469274,11.011476039886475,11.011476039886475,11.011476039886475,11.011476039886475,11.011476039886475,11.011476039886475,11.011476039886475,11.011476039886475,282,282,282,282,282,282,282,282,0.0,0.0,0.0,0.0,0.0,0.0,0.0,0.0,0.15,0.15,0.15,0.15,0.15,0.15,0.15,0.15,[0. 0. 0. 0. 0. 0. 0. 0. 0. 0. 0. 0.],[0. 0. 0. 0. 0. 0. 0. 0. 0. 0. 0. 0.],[0. 0. 0. 0. 0. 0. 0. 0. 0. 0. 0. 0.],[0. 0. 0. 0. 0. 0. 0. 0. 0. 0. 0. 0.],[0. 0. 0. 0. 0. 0. 0. 0. 0. 0. 0. 0.],[0. 0. 0. 0. 0. 0. 0. 0. 0. 0. 0. 0.],[0. 0. 0. 0. 0. 0. 0. 0. 0. 0. 0. 0.],[0. 0. 0. 0. 0. 0. 0. 0. 0. 0. 0. 0.],0.3,0.3,0.3,0.3,0.3,0.3,0.3,0.3,0.01,0.01,0.01,0.01,0.01,0.01,0.01,0.01,,,,,,,,
254,3,0.16666666666666666,9.0,1.0,-27.61111111111111,0.9444444444444445,0.6666666666666666,0.0,-27.666666666666668,9.824208577473959,9.824208577473959,9.824208577473959,9.824208577473959,9.824208577473959,9.824208577473959,9.824208577473959,9.824208577473959,148,148,148,148,148,148,148,148,0.0,0.0,0.0,1.0,0.0,0.0,0.0,1.0,0.15,0.15,0.15,0.15,0.15,0.15,0.15,0.15,[0. 0. 0. 0. 0. 0. 0. 0. 0. 0. 0. 0.],[0. 0. 0. 0. 0. 0. 0. 0. 0. 0. 0. 0.],[0. 0. 0. 0. 0. 0. 0. 0. 0. 0. 0. 0.],[0. 0. 0. 0. 0. 0. 0. 0. 0. 0. 0. 0.],[0. 0. 0. 0. 0. 0. 0. 0. 0. 0. 0. 0.],[0. 0. 0. 0. 0. 0. 0. 0. 0. 0. 0. 0.],[0. 0. 0. 0. 0. 0. 0. 0. 0. 0. 0. 0.],[0. 0. 0. 0. 0. 0. 0. 0. 0. 0. 0. 0.],0.3,0.3,0.3,0.3,0.3,0.3,0.3,0.3,0.01,0.01,0.01,0.01,0.01,0.01,0.01,0.01,,,,,,,,
255,3,9.5,2.694444444444444,0.08333333333333333,-32.11111111111111,5.583333333333333,1.222222222222222,0.0,-31.333333333333332,11.23830477396647,11.23830477396647,11.23830477396647,11.23830477396647,11.23830477396647,11.23830477396647,11.23830477396647,11.23830477396647,160,160,160,160,160,160,160,160,0.0,0.0,0.0,1.0,0.0,0.0,0.0,1.0,0.15,0.15,0.15,0.15,0.15,0.15,0.15,0.15,[0. 0. 0. 0. 0. 0. 0. 0. 0. 0. 0. 0.],[0. 0. 0. 0. 0. 0. 0. 0. 0. 0. 0. 0.],[0. 0. 0. 0. 0. 0. 0. 0. 0. 0. 0. 0.],[0. 0. 0. 0. 0. 0. 0. 0. 0. 0. 0. 0.],[0. 0. 0. 0. 0. 0. 0. 0. 0. 0. 0. 0.],[0. 0. 0. 0. 0. 0. 0. 0. 0. 0. 0. 0.],[0. 0. 0. 0. 0. 0. 0. 0. 0. 0. 0. 0.],[0. 0. 0. 0. 0. 0. 0. 0. 0. 0. 0. 0.],0.3,0.3,0.3,0.3,0.3,0.3,0.3,0.3,0.01,0.01,0.01,0.01,0.01,0.01,0.01,0.01,,,,,,,,
256,1,35.5,13.0,-93.0,0.0,0.0,0.0,-100.0,4.0,10.35578727722168,10.35578727722168,10.35578727722168,10.35578727722168,10.35578727722168,10.35578727722168,10.35578727722168,10.35578727722168,119,119,119,119,119,119,119,119,0.0,0.0,1.0,0.0,0.0,0.0,1.0,0.0,0.15,0.15,0.15,0.15,0.15,0.15,0.15,0.15,[0. 0. 0. 0. 0. 0. 0. 0. 0. 0. 0. 0.],[0. 0. 0. 0. 0. 0. 0. 0. 0. 0. 0. 0.],[0. 0. 0. 0. 0. 0. 0. 0. 0. 0. 0. 0.],[0. 0. 0. 0. 0. 0. 0. 0. 0. 0. 0. 0.],[0. 0. 0. 0. 0. 0. 0. 0. 0. 0. 0. 0.],[0. 0. 0. 0. 0. 0. 0. 0. 0. 0. 0. 0.],[0. 0. 0. 0. 0. 0. 0. 0. 0. 0. 0. 0.],[0. 0. 0. 0. 0. 0. 0. 0. 0. 0. 0. 0.],0.3,0.3,0.3,0.3,0.3,0.3,0.3,0.3,0.01,0.01,0.01,0.01,0.01,0.01,0.01,0.01,,,,,,,,
257,1,-100.0,13.0,34.0,13.5,-100.0,1.0,1.0,1.5,12.633513450622559,12.633513450622559,12.633513450622559,12.633513450622559,12.633513450622559,12.633513450622559,12.633513450622559,12.633513450622559,128,128,128,128,128,128,128,128,1.0,0.0,0.0,0.0,1.0,0.0,0.0,0.0,0.15,0.15,0.15,0.15,0.15,0.15,0.15,0.15,[0. 0. 0. 0. 0. 0. 0. 0. 0. 0. 0. 0.],[0. 0. 0. 0. 0. 0. 0. 0. 0. 0. 0. 0.],[0. 0. 0. 0. 0. 0. 0. 0. 0. 0. 0. 0.],[0. 0. 0. 0. 0. 0. 0. 0. 0. 0. 0. 0.],[0. 0. 0. 0. 0. 0. 0. 0. 0. 0. 0. 0.],[0. 0. 0. 0. 0. 0. 0. 0. 0. 0. 0. 0.],[0. 0. 0. 0. 0. 0. 0. 0. 0. 0. 0. 0.],[0. 0. 0. 0. 0. 0. 0. 0. 0. 0. 0. 0.],0.3,0.3,0.3,0.3,0.3,0.3,0.3,0.3,0.01,0.01,0.01,0.01,0.01,0.01,0.01,0.01,,,,,,,,
258,3,-24.888888888888886,0.0,0.08333333333333333,-33.333333333333336,-26.0,0.7777777777777778,2.4166666666666665,-32.80555555555556,12.085373878479004,12.085373878479004,12.085373878479004,12.085373878479004,12.085373878479004,12.085373878479004,12.085373878479004,12.085373878479004,136,136,136,136,136,136,136,136,1.0,0.0,0.0,1.0,1.0,0.0,0.0,1.0,0.15,0.15,0.15,0.15,0.15,0.15,0.15,0.15,[0. 0. 0. 0. 0. 0. 0. 0. 0. 0. 0. 0.],[0. 0. 0. 0. 0. 0. 0. 0. 0. 0. 0. 0.],[0. 0. 0. 0. 0. 0. 0. 0. 0. 0. 0. 0.],[0. 0. 0. 0. 0. 0. 0. 0. 0. 0. 0. 0.],[0. 0. 0. 0. 0. 0. 0. 0. 0. 0. 0. 0.],[0. 0. 0. 0. 0. 0. 0. 0. 0. 0. 0. 0.],[0. 0. 0. 0. 0. 0. 0. 0. 0. 0. 0. 0.],[0. 0. 0. 0. 0. 0. 0. 0. 0. 0. 0. 0.],0.3,0.3,0.3,0.3,0.3,0.3,0.3,0.3,0.01,0.01,0.01,0.01,0.01,0.01,0.01,0.01,,,,,,,,
259,1,-64.5,0.0,0.0,1.5,-100.0,5.0,8.0,0.0,10.884801864624023,10.884801864624023,10.884801864624023,10.884801864624023,10.884801864624023,10.884801864624023,10.884801864624023,10.884801864624023,100,100,100,100,100,100,100,100,1.0,0.0,0.0,0.0,1.0,0.0,0.0,0.0,0.15,0.15,0.15,0.15,0.15,0.15,0.15,0.15,[0. 0. 0. 0. 0. 0. 0. 0. 0. 0. 0. 0.],[0. 0. 0. 0. 0. 0. 0. 0. 0. 0. 0. 0.],[0. 0. 0. 0. 0. 0. 0. 0. 0. 0. 0. 0.],[0. 0. 0. 0. 0. 0. 0. 0. 0. 0. 0. 0.],[0. 0. 0. 0. 0. 0. 0. 0. 0. 0. 0. 0.],[0. 0. 0. 0. 0. 0. 0. 0. 0. 0. 0. 0.],[0. 0. 0. 0. 0. 0. 0. 0. 0. 0. 0. 0.],[0. 0. 0. 0. 0. 0. 0. 0. 0. 0. 0. 0.],0.3,0.3,0.3,0.3,0.3,0.3,0.3,0.3,0.01,0.01,0.01,0.01,0.01,0.01,0.01,0.01,,,,,,,,
260,2,0.5,1.1666666666666667,0.8333333333333334,-34.75,0.0,6.75,7.5,-48.25,9.337157249450684,9.337157249450684,9.337157249450684,9.337157249450684,9.337157249450684,9.337157249450684,9.337157249450684,9.337157249450684,143,143,143,143,143,143,143,143,0.0,0.0,0.0,1.0,0.0,0.0,0.0,1.0,0.15,0.15,0.15,0.15,0.15,0.15,0.15,0.15,[0. 0. 0. 0. 0. 0. 0. 0. 0. 0. 0. 0.],[0. 0. 0. 0. 0. 0. 0. 0. 0. 0. 0. 0.],[0. 0. 0. 0. 0. 0. 0. 0. 0. 0. 0. 0.],[0. 0. 0. 0. 0. 0. 0. 0. 0. 0. 0. 0.],[0. 0. 0. 0. 0. 0. 0. 0. 0. 0. 0. 0.],[0. 0. 0. 0. 0. 0. 0. 0. 0. 0. 0. 0.],[0. 0. 0. 0. 0. 0. 0. 0. 0. 0. 0. 0.],[0. 0. 0. 0. 0. 0. 0. 0. 0. 0. 0. 0.],0.3,0.3,0.3,0.3,0.3,0.3,0.3,0.3,0.01,0.01,0.01,0.01,0.01,0.01,0.01,0.01,,,,,,,,
261,1,-100.0,0.0,11.5,10.0,-100.0,31.0,9.5,2.5,9.575028419494629,9.575028419494629,9.575028419494629,9.575028419494629,9.575028419494629,9.575028419494629,9.575028419494629,9.575028419494629,129,129,129,129,129,129,129,129,1.0,0.0,0.0,0.0,1.0,0.0,0.0,0.0,0.15,0.15,0.15,0.15,0.15,0.15,0.15,0.15,[0. 0. 0. 0. 0. 0. 0. 0. 0. 0. 0. 0.],[0. 0. 0. 0. 0. 0. 0. 0. 0. 0. 0. 0.],[0. 0. 0. 0. 0. 0. 0. 0. 0. 0. 0. 0.],[0. 0. 0. 0. 0. 0. 0. 0. 0. 0. 0. 0.],[0. 0. 0. 0. 0. 0. 0. 0. 0. 0. 0. 0.],[0. 0. 0. 0. 0. 0. 0. 0. 0. 0. 0. 0.],[0. 0. 0. 0. 0. 0. 0. 0. 0. 0. 0. 0.],[0. 0. 0. 0. 0. 0. 0. 0. 0. 0. 0. 0.],0.3,0.3,0.3,0.3,0.3,0.3,0.3,0.3,0.01,0.01,0.01,0.01,0.01,0.01,0.01,0.01,,,,,,,,
262,2,0.0,0.0,-33.0,8.0,4.333333333333333,2.0,-49.75,2.8333333333333335,10.960023403167725,10.960023403167725,10.960023403167725,10.960023403167725,10.960023403167725,10.960023403167725,10.960023403167725,10.960023403167725,139,139,139,139,139,139,139,139,0.0,0.0,1.0,0.0,0.0,0.0,1.0,0.0,0.15,0.15,0.15,0.15,0.15,0.15,0.15,0.15,[0. 0. 0. 0. 0. 0. 0. 0. 0. 0. 0. 0.],[0. 0. 0. 0. 0. 0. 0. 0. 0. 0. 0. 0.],[0. 0. 0. 0. 0. 0. 0. 0. 0. 0. 0. 0.],[0. 0. 0. 0. 0. 0. 0. 0. 0. 0. 0. 0.],[0. 0. 0. 0. 0. 0. 0. 0. 0. 0. 0. 0.],[0. 0. 0. 0. 0. 0. 0. 0. 0. 0. 0. 0.],[0. 0. 0. 0. 0. 0. 0. 0. 0. 0. 0. 0.],[0. 0. 0. 0. 0. 0. 0. 0. 0. 0. 0. 0.],0.3,0.3,0.3,0.3,0.3,0.3,0.3,0.3,0.01,0.01,0.01,0.01,0.01,0.01,0.01,0.01,,,,,,,,
263,1,0.0,32.0,-97.5,5.5,16.0,0.0,-100.0,4.0,9.067605972290039,9.067605972290039,9.067605972290039,9.067605972290039,9.067605972290039,9.067605972290039,9.067605972290039,9.067605972290039,120,120,120,120,120,120,120,120,0.0,0.0,1.0,0.0,0.0,0.0,1.0,0.0,0.15,0.15,0.15,0.15,0.15,0.15,0.15,0.15,[0. 0. 0. 0. 0. 0. 0. 0. 0. 0. 0. 0.],[0. 0. 0. 0. 0. 0. 0. 0. 0. 0. 0. 0.],[0. 0. 0. 0. 0. 0. 0. 0. 0. 0. 0. 0.],[0. 0. 0. 0. 0. 0. 0. 0. 0. 0. 0. 0.],[0. 0. 0. 0. 0. 0. 0. 0. 0. 0. 0. 0.],[0. 0. 0. 0. 0. 0. 0. 0. 0. 0. 0. 0.],[0. 0. 0. 0. 0. 0. 0. 0. 0. 0. 0. 0.],[0. 0. 0. 0. 0. 0. 0. 0. 0. 0. 0. 0.],0.3,0.3,0.3,0.3,0.3,0.3,0.3,0.3,0.01,0.01,0.01,0.01,0.01,0.01,0.01,0.01,,,,,,,,
264,1,0.0,0.0,-66.0,-100.0,11.0,0.0,-100.0,-100.0,11.720212936401367,11.720212936401367,11.720212936401367,11.720212936401367,11.720212936401367,11.720212936401367,11.720212936401367,11.720212936401367,90,90,90,90,90,90,90,90,0.0,0.0,1.0,1.0,0.0,0.0,1.0,1.0,0.15,0.15,0.15,0.15,0.15,0.15,0.15,0.15,[0. 0. 0. 0. 0. 0. 0. 0. 0. 0. 0. 0.],[0. 0. 0. 0. 0. 0. 0. 0. 0. 0. 0. 0.],[0. 0. 0. 0. 0. 0. 0. 0. 0. 0. 0. 0.],[0. 0. 0. 0. 0. 0. 0. 0. 0. 0. 0. 0.],[0. 0. 0. 0. 0. 0. 0. 0. 0. 0. 0. 0.],[0. 0. 0. 0. 0. 0. 0. 0. 0. 0. 0. 0.],[0. 0. 0. 0. 0. 0. 0. 0. 0. 0. 0. 0.],[0. 0. 0. 0. 0. 0. 0. 0. 0. 0. 0. 0.],0.3,0.3,0.3,0.3,0.3,0.3,0.3,0.3,0.01,0.01,0.01,0.01,0.01,0.01,0.01,0.01,,,,,,,,
265,8,1.4583333333333333,4.431547619047619,0.6083333333333334,-11.625,1.75,0.041666666666666664,0.0,-12.16875,11.09720492362976,11.09720492362976,11.09720492362976,11.09720492362976,11.09720492362976,11.09720492362976,11.09720492362976,11.09720492362976,191,191,191,191,191,191,191,191,0.0,0.0,0.0,1.0,0.0,0.0,0.0,1.0,0.15,0.15,0.15,0.15,0.15,0.15,0.15,0.15,[0. 0. 0. 0. 0. 0. 0. 0. 0. 0. 0. 0.],[0. 0. 0. 0. 0. 0. 0. 0. 0. 0. 0. 0.],[0. 0. 0. 0. 0. 0. 0. 0. 0. 0. 0. 0.],[0. 0. 0. 0. 0. 0. 0. 0. 0. 0. 0. 0.],[0. 0. 0. 0. 0. 0. 0. 0. 0. 0. 0. 0.],[0. 0. 0. 0. 0. 0. 0. 0. 0. 0. 0. 0.],[0. 0. 0. 0. 0. 0. 0. 0. 0. 0. 0. 0.],[0. 0. 0. 0. 0. 0. 0. 0. 0. 0. 0. 0.],0.3,0.3,0.3,0.3,0.3,0.3,0.3,0.3,0.01,0.01,0.01,0.01,0.01,0.01,0.01,0.01,,,,,,,,
266,21,0.006802721088435374,0.33544372294372293,1.7195767195767193,1.0936507936507938,0.10913014860383283,0.23809523809523808,0.3333333333333333,0.11073383101246878,11.086781320117769,11.086781320117769,11.086781320117769,11.086781320117769,11.086781320117769,11.086781320117769,11.086781320117769,11.086781320117769,258,258,258,258,258,258,258,258,0.0,0.0,0.0,0.0,0.0,0.0,0.0,0.0,0.15,0.15,0.15,0.15,0.15,0.15,0.15,0.15,[0. 0. 0. 0. 0. 0. 0. 0. 0. 0. 0. 0.],[0. 0. 0. 0. 0. 0. 0. 0. 0. 0. 0. 0.],[0. 0. 0. 0. 0. 0. 0. 0. 0. 0. 0. 0.],[0. 0. 0. 0. 0. 0. 0. 0. 0. 0. 0. 0.],[0. 0. 0. 0. 0. 0. 0. 0. 0. 0. 0. 0.],[0. 0. 0. 0. 0. 0. 0. 0. 0. 0. 0. 0.],[0. 0. 0. 0. 0. 0. 0. 0. 0. 0. 0. 0.],[0. 0. 0. 0. 0. 0. 0. 0. 0. 0. 0. 0.],0.3,0.3,0.3,0.3,0.3,0.3,0.3,0.3,0.01,0.01,0.01,0.01,0.01,0.01,0.01,0.01,,,,,,,,
267,1,-67.5,0.0,9.5,-90.5,-100.0,2.0,0.0,-100.0,10.07876968383789,10.07876968383789,10.07876968383789,10.07876968383789,10.07876968383789,10.07876968383789,10.07876968383789,10.07876968383789,107,107,107,107,107,107,107,107,1.0,0.0,0.0,1.0,1.0,0.0,0.0,1.0,0.15,0.15,0.15,0.15,0.15,0.15,0.15,0.15,[0. 0. 0. 0. 0. 0. 0. 0. 0. 0. 0. 0.],[0. 0. 0. 0. 0. 0. 0. 0. 0. 0. 0. 0.],[0. 0. 0. 0. 0. 0. 0. 0. 0. 0. 0. 0.],[0. 0. 0. 0. 0. 0. 0. 0. 0. 0. 0. 0.],[0. 0. 0. 0. 0. 0. 0. 0. 0. 0. 0. 0.],[0. 0. 0. 0. 0. 0. 0. 0. 0. 0. 0. 0.],[0. 0. 0. 0. 0. 0. 0. 0. 0. 0. 0. 0.],[0. 0. 0. 0. 0. 0. 0. 0. 0. 0. 0. 0.],0.3,0.3,0.3,0.3,0.3,0.3,0.3,0.3,0.01,0.01,0.01,0.01,0.01,0.01,0.01,0.01,,,,,,,,
268,21,1.7734916188697702,0.15532879818594106,0.02777777777777778,-3.4984126984126984,0.6746031746031746,0.16195730817579554,0.023015873015873017,-4.657738095238095,11.62521793728783,11.62521793728783,11.62521793728783,11.62521793728783,11.62521793728783,11.62521793728783,11.62521793728783,11.62521793728783,257,257,257,257,257,257,257,257,0.0,0.0,0.0,1.0,0.0,0.0,0.0,1.0,0.15,0.15,0.15,0.15,0.15,0.15,0.15,0.15,[0. 0. 0. 0. 0. 0. 0. 0. 0. 0. 0. 0.],[0. 0. 0. 0. 0. 0. 0. 0. 0. 0. 0. 0.],[0. 0. 0. 0. 0. 0. 0. 0. 0. 0. 0. 0.],[0. 0. 0. 0. 0. 0. 0. 0. 0. 0. 0. 0.],[0. 0. 0. 0. 0. 0. 0. 0. 0. 0. 0. 0.],[0. 0. 0. 0. 0. 0. 0. 0. 0. 0. 0. 0.],[0. 0. 0. 0. 0. 0. 0. 0. 0. 0. 0. 0.],[0. 0. 0. 0. 0. 0. 0. 0. 0. 0. 0. 0.],0.3,0.3,0.3,0.3,0.3,0.3,0.3,0.3,0.01,0.01,0.01,0.01,0.01,0.01,0.01,0.01,,,,,,,,
269,1,32.5,-95.0,14.0,9.0,5.5,-100.0,1.5,2.5,10.109407424926758,10.109407424926758,10.109407424926758,10.109407424926758,10.109407424926758,10.109407424926758,10.109407424926758,10.109407424926758,140,140,140,140,140,140,140,140,0.0,1.0,0.0,0.0,0.0,1.0,0.0,0.0,0.15,0.15,0.15,0.15,0.15,0.15,0.15,0.15,[0. 0. 0. 0. 0. 0. 0. 0. 0. 0. 0. 0.],[0. 0. 0. 0. 0. 0. 0. 0. 0. 0. 0. 0.],[0. 0. 0. 0. 0. 0. 0. 0. 0. 0. 0. 0.],[0. 0. 0. 0. 0. 0. 0. 0. 0. 0. 0. 0.],[0. 0. 0. 0. 0. 0. 0. 0. 0. 0. 0. 0.],[0. 0. 0. 0. 0. 0. 0. 0. 0. 0. 0. 0.],[0. 0. 0. 0. 0. 0. 0. 0. 0. 0. 0. 0.],[0. 0. 0. 0. 0. 0. 0. 0. 0. 0. 0. 0.],0.3,0.3,0.3,0.3,0.3,0.3,0.3,0.3,0.01,0.01,0.01,0.01,0.01,0.01,0.01,0.01,,,,,,,,
270,11,0.1191919191919192,-6.372727272727272,0.797979797979798,0.5952380952380952,1.8181818181818181,-8.763636363636364,0.09848484848484848,0.351010101010101,11.567835894497959,11.567835894497959,11.567835894497959,11.567835894497959,11.567835894497959,11.567835894497959,11.567835894497959,11.567835894497959,225,225,225,225,225,225,225,225,0.0,1.0,0.0,0.0,0.0,1.0,0.0,0.0,0.15,0.15,0.15,0.15,0.15,0.15,0.15,0.15,[0. 0. 0. 0. 0. 0. 0. 0. 0. 0. 0. 0.],[0. 0. 0. 0. 0. 0. 0. 0. 0. 0. 0. 0.],[0. 0. 0. 0. 0. 0. 0. 0. 0. 0. 0. 0.],[0. 0. 0. 0. 0. 0. 0. 0. 0. 0. 0. 0.],[0. 0. 0. 0. 0. 0. 0. 0. 0. 0. 0. 0.],[0. 0. 0. 0. 0. 0. 0. 0. 0. 0. 0. 0.],[0. 0. 0. 0. 0. 0. 0. 0. 0. 0. 0. 0.],[0. 0. 0. 0. 0. 0. 0. 0. 0. 0. 0. 0.],0.3,0.3,0.3,0.3,0.3,0.3,0.3,0.3,0.01,0.01,0.01,0.01,0.01,0.01,0.01,0.01,,,,,,,,
271,32,-2.2274138621794872,0.028013392857142855,0.23583372493734334,0.08459535256410255,0.04747807017543859,0.06979166666666665,0.11600374263417743,-2.0805555555555557,11.622065782546997,11.622065782546997,11.622065782546997,11.622065782546997,11.622065782546997,11.622065782546997,11.622065782546997,11.622065782546997,256,256,256,256,256,256,256,256,1.0,0.0,0.0,0.0,0.0,0.0,0.0,1.0,0.15,0.15,0.15,0.15,0.15,0.15,0.15,0.15,[0. 0. 0. 0. 0. 0. 0. 0. 0. 0. 0. 0.],[0. 0. 0. 0. 0. 0. 0. 0. 0. 0. 0. 0.],[0. 0. 0. 0. 0. 0. 0. 0. 0. 0. 0. 0.],[0. 0. 0. 0. 0. 0. 0. 0. 0. 0. 0. 0.],[0. 0. 0. 0. 0. 0. 0. 0. 0. 0. 0. 0.],[0. 0. 0. 0. 0. 0. 0. 0. 0. 0. 0. 0.],[0. 0. 0. 0. 0. 0. 0. 0. 0. 0. 0. 0.],[0. 0. 0. 0. 0. 0. 0. 0. 0. 0. 0. 0.],0.3,0.3,0.3,0.3,0.3,0.3,0.3,0.3,0.01,0.01,0.01,0.01,0.01,0.01,0.01,0.01,,,,,,,,
272,12,-6.036111111111111,0.9920454545454547,0.1017857142857143,0.4285714285714286,-6.291666666666667,0.0,0.576388888888889,0.016666666666666666,10.533094803492228,10.533094803492228,10.533094803492228,10.533094803492228,10.533094803492228,10.533094803492228,10.533094803492228,10.533094803492228,212,212,212,212,212,212,212,212,1.0,0.0,0.0,0.0,1.0,0.0,0.0,0.0,0.15,0.15,0.15,0.15,0.15,0.15,0.15,0.15,[0. 0. 0. 0. 0. 0. 0. 0. 0. 0. 0. 0.],[0. 0. 0. 0. 0. 0. 0. 0. 0. 0. 0. 0.],[0. 0. 0. 0. 0. 0. 0. 0. 0. 0. 0. 0.],[0. 0. 0. 0. 0. 0. 0. 0. 0. 0. 0. 0.],[0. 0. 0. 0. 0. 0. 0. 0. 0. 0. 0. 0.],[0. 0. 0. 0. 0. 0. 0. 0. 0. 0. 0. 0.],[0. 0. 0. 0. 0. 0. 0. 0. 0. 0. 0. 0.],[0. 0. 0. 0. 0. 0. 0. 0. 0. 0. 0. 0.],0.3,0.3,0.3,0.3,0.3,0.3,0.3,0.3,0.01,0.01,0.01,0.01,0.01,0.01,0.01,0.01,,,,,,,,
273,4,-15.958333333333334,2.5625,0.4166666666666667,0.7333333333333333,-23.625,0.0,4.375,0.25,12.345054388046265,12.345054388046265,12.345054388046265,12.345054388046265,12.345054388046265,12.345054388046265,12.345054388046265,12.345054388046265,159,159,159,159,159,159,159,159,1.0,0.0,0.0,0.0,1.0,0.0,0.0,0.0,0.15,0.15,0.15,0.15,0.15,0.15,0.15,0.15,[0. 0. 0. 0. 0. 0. 0. 0. 0. 0. 0. 0.],[0. 0. 0. 0. 0. 0. 0. 0. 0. 0. 0. 0.],[0. 0. 0. 0. 0. 0. 0. 0. 0. 0. 0. 0.],[0. 0. 0. 0. 0. 0. 0. 0. 0. 0. 0. 0.],[0. 0. 0. 0. 0. 0. 0. 0. 0. 0. 0. 0.],[0. 0. 0. 0. 0. 0. 0. 0. 0. 0. 0. 0.],[0. 0. 0. 0. 0. 0. 0. 0. 0. 0. 0. 0.],[0. 0. 0. 0. 0. 0. 0. 0. 0. 0. 0. 0.],0.3,0.3,0.3,0.3,0.3,0.3,0.3,0.3,0.01,0.01,0.01,0.01,0.01,0.01,0.01,0.01,,,,,,,,
274,19,-4.549388623072834,1.4902641218430694,0.429380268853953,0.03252923976608187,-4.710076473234368,0.15789473684210525,0.8421052631578947,0.18173639226270807,10.168508780630011,10.168508780630011,10.168508780630011,10.168508780630011,10.168508780630011,10.168508780630011,10.168508780630011,10.168508780630011,261,261,261,261,261,261,261,261,1.0,0.0,0.0,0.0,1.0,0.0,0.0,0.0,0.15,0.15,0.15,0.15,0.15,0.15,0.15,0.15,[0. 0. 0. 0. 0. 0. 0. 0. 0. 0. 0. 0.],[0. 0. 0. 0. 0. 0. 0. 0. 0. 0. 0. 0.],[0. 0. 0. 0. 0. 0. 0. 0. 0. 0. 0. 0.],[0. 0. 0. 0. 0. 0. 0. 0. 0. 0. 0. 0.],[0. 0. 0. 0. 0. 0. 0. 0. 0. 0. 0. 0.],[0. 0. 0. 0. 0. 0. 0. 0. 0. 0. 0. 0.],[0. 0. 0. 0. 0. 0. 0. 0. 0. 0. 0. 0.],[0. 0. 0. 0. 0. 0. 0. 0. 0. 0. 0. 0.],0.3,0.3,0.3,0.3,0.3,0.3,0.3,0.3,0.01,0.01,0.01,0.01,0.01,0.01,0.01,0.01,,,,,,,,
275,51,0.07598039215686274,0.031975867269984914,0.4013840100185938,0.36764705882352944,0.5555555555555556,0.17221275456569574,0.011764705882352941,0.031194295900178252,10.962974912980023,10.962974912980023,10.962974912980023,10.962974912980023,10.962974912980023,10.962974912980023,10.962974912980023,10.962974912980023,271,271,271,271,271,271,271,271,0.0,0.0,0.0,0.0,0.0,0.0,0.0,0.0,0.15,0.15,0.15,0.15,0.15,0.15,0.15,0.15,[0. 0. 0. 0. 0. 0. 0. 0. 0. 0. 0. 0.],[0. 0. 0. 0. 0. 0. 0. 0. 0. 0. 0. 0.],[0. 0. 0. 0. 0. 0. 0. 0. 0. 0. 0. 0.],[0. 0. 0. 0. 0. 0. 0. 0. 0. 0. 0. 0.],[0. 0. 0. 0. 0. 0. 0. 0. 0. 0. 0. 0.],[0. 0. 0. 0. 0. 0. 0. 0. 0. 0. 0. 0.],[0. 0. 0. 0. 0. 0. 0. 0. 0. 0. 0. 0.],[0. 0. 0. 0. 0. 0. 0. 0. 0. 0. 0. 0.],0.3,0.3,0.3,0.3,0.3,0.3,0.3,0.3,0.01,0.01,0.01,0.01,0.01,0.01,0.01,0.01,,,,,,,,
276,3,10.833333333333334,-32.833333333333336,5.166666666666667,1.0,3.75,-32.333333333333336,4.0,0.0,11.312441190083822,11.312441190083822,11.312441190083822,11.312441190083822,11.312441190083822,11.312441190083822,11.312441190083822,11.312441190083822,172,172,172,172,172,172,172,172,0.0,1.0,0.0,0.0,0.0,1.0,0.0,0.0,0.15,0.15,0.15,0.15,0.15,0.15,0.15,0.15,[0. 0. 0. 0. 0. 0. 0. 0. 0. 0. 0. 0.],[0. 0. 0. 0. 0. 0. 0. 0. 0. 0. 0. 0.],[0. 0. 0. 0. 0. 0. 0. 0. 0. 0. 0. 0.],[0. 0. 0. 0. 0. 0. 0. 0. 0. 0. 0. 0.],[0. 0. 0. 0. 0. 0. 0. 0. 0. 0. 0. 0.],[0. 0. 0. 0. 0. 0. 0. 0. 0. 0. 0. 0.],[0. 0. 0. 0. 0. 0. 0. 0. 0. 0. 0. 0.],[0. 0. 0. 0. 0. 0. 0. 0. 0. 0. 0. 0.],0.3,0.3,0.3,0.3,0.3,0.3,0.3,0.3,0.01,0.01,0.01,0.01,0.01,0.01,0.01,0.01,,,,,,,,
277,19,1.736048454469507,0.8797448165869218,0.5368421052631579,0.14916328941096743,0.16541353383458643,0.7368421052631579,0.14536340852130325,0.2473684210526316,10.53914075148733,10.53914075148733,10.53914075148733,10.53914075148733,10.53914075148733,10.53914075148733,10.53914075148733,10.53914075148733,277,277,277,277,277,277,277,277,0.0,0.0,0.0,0.0,0.0,0.0,0.0,0.0,0.15,0.15,0.15,0.15,0.15,0.15,0.15,0.15,[0. 0. 0. 0. 0. 0. 0. 0. 0. 0. 0. 0.],[0. 0. 0. 0. 0. 0. 0. 0. 0. 0. 0. 0.],[0. 0. 0. 0. 0. 0. 0. 0. 0. 0. 0. 0.],[0. 0. 0. 0. 0. 0. 0. 0. 0. 0. 0. 0.],[0. 0. 0. 0. 0. 0. 0. 0. 0. 0. 0. 0.],[0. 0. 0. 0. 0. 0. 0. 0. 0. 0. 0. 0.],[0. 0. 0. 0. 0. 0. 0. 0. 0. 0. 0. 0.],[0. 0. 0. 0. 0. 0. 0. 0. 0. 0. 0. 0.],0.3,0.3,0.3,0.3,0.3,0.3,0.3,0.3,0.01,0.01,0.01,0.01,0.01,0.01,0.01,0.01,,,,,,,,
278,4,3.25,0.0,2.2083333333333335,-24.625,7.6,0.625,2.75,-25.0,11.798682451248169,11.798682451248169,11.798682451248169,11.798682451248169,11.798682451248169,11.798682451248169,11.798682451248169,11.798682451248169,146,146,146,146,146,146,146,146,0.0,0.0,0.0,1.0,0.0,0.0,0.0,1.0,0.15,0.15,0.15,0.15,0.15,0.15,0.15,0.15,[0. 0. 0. 0. 0. 0. 0. 0. 0. 0. 0. 0.],[0. 0. 0. 0. 0. 0. 0. 0. 0. 0. 0. 0.],[0. 0. 0. 0. 0. 0. 0. 0. 0. 0. 0. 0.],[0. 0. 0. 0. 0. 0. 0. 0. 0. 0. 0. 0.],[0. 0. 0. 0. 0. 0. 0. 0. 0. 0. 0. 0.],[0. 0. 0. 0. 0. 0. 0. 0. 0. 0. 0. 0.],[0. 0. 0. 0. 0. 0. 0. 0. 0. 0. 0. 0.],[0. 0. 0. 0. 0. 0. 0. 0. 0. 0. 0. 0.],0.3,0.3,0.3,0.3,0.3,0.3,0.3,0.3,0.01,0.01,0.01,0.01,0.01,0.01,0.01,0.01,,,,,,,,
279,32,1.2535511363636365,0.032067671911421916,0.47894362581862576,0.046875,0.29359019886363635,0.15625,0.0,0.3457177211494646,10.27314968407154,10.27314968407154,10.27314968407154,10.27314968407154,10.27314968407154,10.27314968407154,10.27314968407154,10.27314968407154,265,265,265,265,265,265,265,265,0.0,0.0,0.0,0.0,0.0,0.0,0.0,0.0,0.15,0.15,0.15,0.15,0.15,0.15,0.15,0.15,[0. 0. 0. 0. 0. 0. 0. 0. 0. 0. 0. 0.],[0. 0. 0. 0. 0. 0. 0. 0. 0. 0. 0. 0.],[0. 0. 0. 0. 0. 0. 0. 0. 0. 0. 0. 0.],[0. 0. 0. 0. 0. 0. 0. 0. 0. 0. 0. 0.],[0. 0. 0. 0. 0. 0. 0. 0. 0. 0. 0. 0.],[0. 0. 0. 0. 0. 0. 0. 0. 0. 0. 0. 0.],[0. 0. 0. 0. 0. 0. 0. 0. 0. 0. 0. 0.],[0. 0. 0. 0. 0. 0. 0. 0. 0. 0. 0. 0.],0.3,0.3,0.3,0.3,0.3,0.3,0.3,0.3,0.01,0.01,0.01,0.01,0.01,0.01,0.01,0.01,,,,,,,,
280,2,17.083333333333332,-46.25,5.416666666666667,3.5,7.75,-49.833333333333336,0.6666666666666666,0.0,9.991888046264648,9.991888046264648,9.991888046264648,9.991888046264648,9.991888046264648,9.991888046264648,9.991888046264648,9.991888046264648,165,165,165,165,165,165,165,165,0.0,1.0,0.0,0.0,0.0,1.0,0.0,0.0,0.15,0.15,0.15,0.15,0.15,0.15,0.15,0.15,[0. 0. 0. 0. 0. 0. 0. 0. 0. 0. 0. 0.],[0. 0. 0. 0. 0. 0. 0. 0. 0. 0. 0. 0.],[0. 0. 0. 0. 0. 0. 0. 0. 0. 0. 0. 0.],[0. 0. 0. 0. 0. 0. 0. 0. 0. 0. 0. 0.],[0. 0. 0. 0. 0. 0. 0. 0. 0. 0. 0. 0.],[0. 0. 0. 0. 0. 0. 0. 0. 0. 0. 0. 0.],[0. 0. 0. 0. 0. 0. 0. 0. 0. 0. 0. 0.],[0. 0. 0. 0. 0. 0. 0. 0. 0. 0. 0. 0.],0.3,0.3,0.3,0.3,0.3,0.3,0.3,0.3,0.01,0.01,0.01,0.01,0.01,0.01,0.01,0.01,,,,,,,,
281,2,0.0,16.5,-44.25,0.0,0.0,1.3333333333333333,-50.0,2.1666666666666665,10.340871810913086,10.340871810913086,10.340871810913086,10.340871810913086,10.340871810913086,10.340871810913086,10.340871810913086,10.340871810913086,111,111,111,111,111,111,111,111,0.0,0.0,1.0,0.0,0.0,0.0,1.0,0.0,0.15,0.15,0.15,0.15,0.15,0.15,0.15,0.15,[0. 0. 0. 0. 0. 0. 0. 0. 0. 0. 0. 0.],[0. 0. 0. 0. 0. 0. 0. 0. 0. 0. 0. 0.],[0. 0. 0. 0. 0. 0. 0. 0. 0. 0. 0. 0.],[0. 0. 0. 0. 0. 0. 0. 0. 0. 0. 0. 0.],[0. 0. 0. 0. 0. 0. 0. 0. 0. 0. 0. 0.],[0. 0. 0. 0. 0. 0. 0. 0. 0. 0. 0. 0.],[0. 0. 0. 0. 0. 0. 0. 0. 0. 0. 0. 0.],[0. 0. 0. 0. 0. 0. 0. 0. 0. 0. 0. 0.],0.3,0.3,0.3,0.3,0.3,0.3,0.3,0.3,0.01,0.01,0.01,0.01,0.01,0.01,0.01,0.01,,,,,,,,
282,1,18.5,34.0,2.0,-100.0,0.0,0.0,0.0,-96.0,13.15092945098877,13.15092945098877,13.15092945098877,13.15092945098877,13.15092945098877,13.15092945098877,13.15092945098877,13.15092945098877,117,117,117,117,117,117,117,117,0.0,0.0,0.0,1.0,0.0,0.0,0.0,1.0,0.15,0.15,0.15,0.15,0.15,0.15,0.15,0.15,[0. 0. 0. 0. 0. 0. 0. 0. 0. 0. 0. 0.],[0. 0. 0. 0. 0. 0. 0. 0. 0. 0. 0. 0.],[0. 0. 0. 0. 0. 0. 0. 0. 0. 0. 0. 0.],[0. 0. 0. 0. 0. 0. 0. 0. 0. 0. 0. 0.],[0. 0. 0. 0. 0. 0. 0. 0. 0. 0. 0. 0.],[0. 0. 0. 0. 0. 0. 0. 0. 0. 0. 0. 0.],[0. 0. 0. 0. 0. 0. 0. 0. 0. 0. 0. 0.],[0. 0. 0. 0. 0. 0. 0. 0. 0. 0. 0. 0.],0.3,0.3,0.3,0.3,0.3,0.3,0.3,0.3,0.01,0.01,0.01,0.01,0.01,0.01,0.01,0.01,,,,,,,,
283,5,7.606666666666667,0.15,2.8,-17.4,0.0,0.8,0.36333333333333334,-18.833333333333332,9.743535041809082,9.743535041809082,9.743535041809082,9.743535041809082,9.743535041809082,9.743535041809082,9.743535041809082,9.743535041809082,171,171,171,171,171,171,171,171,0.0,0.0,0.0,1.0,0.0,0.0,0.0,1.0,0.15,0.15,0.15,0.15,0.15,0.15,0.15,0.15,[0. 0. 0. 0. 0. 0. 0. 0. 0. 0. 0. 0.],[0. 0. 0. 0. 0. 0. 0. 0. 0. 0. 0. 0.],[0. 0. 0. 0. 0. 0. 0. 0. 0. 0. 0. 0.],[0. 0. 0. 0. 0. 0. 0. 0. 0. 0. 0. 0.],[0. 0. 0. 0. 0. 0. 0. 0. 0. 0. 0. 0.],[0. 0. 0. 0. 0. 0. 0. 0. 0. 0. 0. 0.],[0. 0. 0. 0. 0. 0. 0. 0. 0. 0. 0. 0.],[0. 0. 0. 0. 0. 0. 0. 0. 0. 0. 0. 0.],0.3,0.3,0.3,0.3,0.3,0.3,0.3,0.3,0.01,0.01,0.01,0.01,0.01,0.01,0.01,0.01,,,,,,,,
284,1,0.0,-79.0,-100.0,0.0,0.0,-100.0,-100.0,0.0,14.733196258544922,14.733196258544922,14.733196258544922,14.733196258544922,14.733196258544922,14.733196258544922,14.733196258544922,14.733196258544922,42,42,42,42,42,42,42,42,0.0,1.0,1.0,0.0,0.0,1.0,1.0,0.0,0.15,0.15,0.15,0.15,0.15,0.15,0.15,0.15,[0. 0. 0. 0. 0. 0. 0. 0. 0. 0. 0. 0.],[0. 0. 0. 0. 0. 0. 0. 0. 0. 0. 0. 0.],[0. 0. 0. 0. 0. 0. 0. 0. 0. 0. 0. 0.],[0. 0. 0. 0. 0. 0. 0. 0. 0. 0. 0. 0.],[0. 0. 0. 0. 0. 0. 0. 0. 0. 0. 0. 0.],[0. 0. 0. 0. 0. 0. 0. 0. 0. 0. 0. 0.],[0. 0. 0. 0. 0. 0. 0. 0. 0. 0. 0. 0.],[0. 0. 0. 0. 0. 0. 0. 0. 0. 0. 0. 0.],0.3,0.3,0.3,0.3,0.3,0.3,0.3,0.3,0.01,0.01,0.01,0.01,0.01,0.01,0.01,0.01,,,,,,,,
285,8,-9.3125,0.4791666666666667,1.40625,0.7882936507936508,-12.245833333333334,0.2916666666666667,2.8583333333333334,0.3055555555555556,10.518821358680725,10.518821358680725,10.518821358680725,10.518821358680725,10.518821358680725,10.518821358680725,10.518821358680725,10.518821358680725,194,194,194,194,194,194,194,194,1.0,0.0,0.0,0.0,1.0,0.0,0.0,0.0,0.15,0.15,0.15,0.15,0.15,0.15,0.15,0.15,[0. 0. 0. 0. 0. 0. 0. 0. 0. 0. 0. 0.],[0. 0. 0. 0. 0. 0. 0. 0. 0. 0. 0. 0.],[0. 0. 0. 0. 0. 0. 0. 0. 0. 0. 0. 0.],[0. 0. 0. 0. 0. 0. 0. 0. 0. 0. 0. 0.],[0. 0. 0. 0. 0. 0. 0. 0. 0. 0. 0. 0.],[0. 0. 0. 0. 0. 0. 0. 0. 0. 0. 0. 0.],[0. 0. 0. 0. 0. 0. 0. 0. 0. 0. 0. 0.],[0. 0. 0. 0. 0. 0. 0. 0. 0. 0. 0. 0.],0.3,0.3,0.3,0.3,0.3,0.3,0.3,0.3,0.01,0.01,0.01,0.01,0.01,0.01,0.01,0.01,,,,,,,,
286,2,0.0,8.0,3.5833333333333335,-32.333333333333336,3.25,0.75,1.0,-50.0,10.17740249633789,10.17740249633789,10.17740249633789,10.17740249633789,10.17740249633789,10.17740249633789,10.17740249633789,10.17740249633789,145,145,145,145,145,145,145,145,0.0,0.0,0.0,1.0,0.0,0.0,0.0,1.0,0.15,0.15,0.15,0.15,0.15,0.15,0.15,0.15,[0. 0. 0. 0. 0. 0. 0. 0. 0. 0. 0. 0.],[0. 0. 0. 0. 0. 0. 0. 0. 0. 0. 0. 0.],[0. 0. 0. 0. 0. 0. 0. 0. 0. 0. 0. 0.],[0. 0. 0. 0. 0. 0. 0. 0. 0. 0. 0. 0.],[0. 0. 0. 0. 0. 0. 0. 0. 0. 0. 0. 0.],[0. 0. 0. 0. 0. 0. 0. 0. 0. 0. 0. 0.],[0. 0. 0. 0. 0. 0. 0. 0. 0. 0. 0. 0.],[0. 0. 0. 0. 0. 0. 0. 0. 0. 0. 0. 0.],0.3,0.3,0.3,0.3,0.3,0.3,0.3,0.3,0.01,0.01,0.01,0.01,0.01,0.01,0.01,0.01,,,,,,,,
287,2,12.916666666666666,6.5,-38.75,0.0,0.0,3.25,-50.0,2.25,10.327234268188477,10.327234268188477,10.327234268188477,10.327234268188477,10.327234268188477,10.327234268188477,10.327234268188477,10.327234268188477,148,148,148,148,148,148,148,148,0.0,0.0,1.0,0.0,0.0,0.0,1.0,0.0,0.15,0.15,0.15,0.15,0.15,0.15,0.15,0.15,[0. 0. 0. 0. 0. 0. 0. 0. 0. 0. 0. 0.],[0. 0. 0. 0. 0. 0. 0. 0. 0. 0. 0. 0.],[0. 0. 0. 0. 0. 0. 0. 0. 0. 0. 0. 0.],[0. 0. 0. 0. 0. 0. 0. 0. 0. 0. 0. 0.],[0. 0. 0. 0. 0. 0. 0. 0. 0. 0. 0. 0.],[0. 0. 0. 0. 0. 0. 0. 0. 0. 0. 0. 0.],[0. 0. 0. 0. 0. 0. 0. 0. 0. 0. 0. 0.],[0. 0. 0. 0. 0. 0. 0. 0. 0. 0. 0. 0.],0.3,0.3,0.3,0.3,0.3,0.3,0.3,0.3,0.01,0.01,0.01,0.01,0.01,0.01,0.01,0.01,,,,,,,,
288,27,1.370066369627773,0.11602800491689379,0.4808167141500474,0.30826399103371727,0.5648148148148148,0.01897119341563786,0.052204763686245166,0.09259259259259259,10.473482944347241,10.473482944347241,10.473482944347241,10.473482944347241,10.473482944347241,10.473482944347241,10.473482944347241,10.473482944347241,256,256,256,256,256,256,256,256,0.0,0.0,0.0,0.0,0.0,0.0,0.0,0.0,0.15,0.15,0.15,0.15,0.15,0.15,0.15,0.15,[0. 0. 0. 0. 0. 0. 0. 0. 0. 0. 0. 0.],[0. 0. 0. 0. 0. 0. 0. 0. 0. 0. 0. 0.],[0. 0. 0. 0. 0. 0. 0. 0. 0. 0. 0. 0.],[0. 0. 0. 0. 0. 0. 0. 0. 0. 0. 0. 0.],[0. 0. 0. 0. 0. 0. 0. 0. 0. 0. 0. 0.],[0. 0. 0. 0. 0. 0. 0. 0. 0. 0. 0. 0.],[0. 0. 0. 0. 0. 0. 0. 0. 0. 0. 0. 0.],[0. 0. 0. 0. 0. 0. 0. 0. 0. 0. 0. 0.],0.3,0.3,0.3,0.3,0.3,0.3,0.3,0.3,0.01,0.01,0.01,0.01,0.01,0.01,0.01,0.01,,,,,,,,
289,3,1.5833333333333333,0.8888888888888888,4.666666666666667,-33.166666666666664,12.527777777777779,0.2222222222222222,0.0,-33.333333333333336,10.520452181498209,10.520452181498209,10.520452181498209,10.520452181498209,10.520452181498209,10.520452181498209,10.520452181498209,10.520452181498209,133,133,133,133,133,133,133,133,0.0,0.0,0.0,1.0,0.0,0.0,0.0,1.0,0.15,0.15,0.15,0.15,0.15,0.15,0.15,0.15,[0. 0. 0. 0. 0. 0. 0. 0. 0. 0. 0. 0.],[0. 0. 0. 0. 0. 0. 0. 0. 0. 0. 0. 0.],[0. 0. 0. 0. 0. 0. 0. 0. 0. 0. 0. 0.],[0. 0. 0. 0. 0. 0. 0. 0. 0. 0. 0. 0.],[0. 0. 0. 0. 0. 0. 0. 0. 0. 0. 0. 0.],[0. 0. 0. 0. 0. 0. 0. 0. 0. 0. 0. 0.],[0. 0. 0. 0. 0. 0. 0. 0. 0. 0. 0. 0.],[0. 0. 0. 0. 0. 0. 0. 0. 0. 0. 0. 0.],0.3,0.3,0.3,0.3,0.3,0.3,0.3,0.3,0.01,0.01,0.01,0.01,0.01,0.01,0.01,0.01,,,,,,,,
290,1,32.5,-89.5,0.0,0.0,11.0,-100.0,3.0,0.0,10.412734031677246,10.412734031677246,10.412734031677246,10.412734031677246,10.412734031677246,10.412734031677246,10.412734031677246,10.412734031677246,114,114,114,114,114,114,114,114,0.0,1.0,0.0,0.0,0.0,1.0,0.0,0.0,0.15,0.15,0.15,0.15,0.15,0.15,0.15,0.15,[0. 0. 0. 0. 0. 0. 0. 0. 0. 0. 0. 0.],[0. 0. 0. 0. 0. 0. 0. 0. 0. 0. 0. 0.],[0. 0. 0. 0. 0. 0. 0. 0. 0. 0. 0. 0.],[0. 0. 0. 0. 0. 0. 0. 0. 0. 0. 0. 0.],[0. 0. 0. 0. 0. 0. 0. 0. 0. 0. 0. 0.],[0. 0. 0. 0. 0. 0. 0. 0. 0. 0. 0. 0.],[0. 0. 0. 0. 0. 0. 0. 0. 0. 0. 0. 0.],[0. 0. 0. 0. 0. 0. 0. 0. 0. 0. 0. 0.],0.3,0.3,0.3,0.3,0.3,0.3,0.3,0.3,0.01,0.01,0.01,0.01,0.01,0.01,0.01,0.01,,,,,,,,
291,1,-100.0,21.0,0.0,32.0,-89.0,2.5,0.0,2.5,15.602510452270508,15.602510452270508,15.602510452270508,15.602510452270508,15.602510452270508,15.602510452270508,15.602510452270508,15.602510452270508,138,138,138,138,138,138,138,138,1.0,0.0,0.0,0.0,1.0,0.0,0.0,0.0,0.15,0.15,0.15,0.15,0.15,0.15,0.15,0.15,[0. 0. 0. 0. 0. 0. 0. 0. 0. 0. 0. 0.],[0. 0. 0. 0. 0. 0. 0. 0. 0. 0. 0. 0.],[0. 0. 0. 0. 0. 0. 0. 0. 0. 0. 0. 0.],[0. 0. 0. 0. 0. 0. 0. 0. 0. 0. 0. 0.],[0. 0. 0. 0. 0. 0. 0. 0. 0. 0. 0. 0.],[0. 0. 0. 0. 0. 0. 0. 0. 0. 0. 0. 0.],[0. 0. 0. 0. 0. 0. 0. 0. 0. 0. 0. 0.],[0. 0. 0. 0. 0. 0. 0. 0. 0. 0. 0. 0.],0.3,0.3,0.3,0.3,0.3,0.3,0.3,0.3,0.01,0.01,0.01,0.01,0.01,0.01,0.01,0.01,,,,,,,,
292,2,5.5,15.5,1.25,-43.666666666666664,7.5,2.5,0.16666666666666666,-49.75,8.624528884887695,8.624528884887695,8.624528884887695,8.624528884887695,8.624528884887695,8.624528884887695,8.624528884887695,8.624528884887695,161,161,161,161,161,161,161,161,0.0,0.0,0.0,1.0,0.0,0.0,0.0,1.0,0.15,0.15,0.15,0.15,0.15,0.15,0.15,0.15,[0. 0. 0. 0. 0. 0. 0. 0. 0. 0. 0. 0.],[0. 0. 0. 0. 0. 0. 0. 0. 0. 0. 0. 0.],[0. 0. 0. 0. 0. 0. 0. 0. 0. 0. 0. 0.],[0. 0. 0. 0. 0. 0. 0. 0. 0. 0. 0. 0.],[0. 0. 0. 0. 0. 0. 0. 0. 0. 0. 0. 0.],[0. 0. 0. 0. 0. 0. 0. 0. 0. 0. 0. 0.],[0. 0. 0. 0. 0. 0. 0. 0. 0. 0. 0. 0.],[0. 0. 0. 0. 0. 0. 0. 0. 0. 0. 0. 0.],0.3,0.3,0.3,0.3,0.3,0.3,0.3,0.3,0.01,0.01,0.01,0.01,0.01,0.01,0.01,0.01,,,,,,,,
293,1,0.0,-68.0,19.5,0.0,0.5,-100.0,7.0,0.0,13.389666557312012,13.389666557312012,13.389666557312012,13.389666557312012,13.389666557312012,13.389666557312012,13.389666557312012,13.389666557312012,118,118,118,118,118,118,118,118,0.0,1.0,0.0,0.0,0.0,1.0,0.0,0.0,0.15,0.15,0.15,0.15,0.15,0.15,0.15,0.15,[0. 0. 0. 0. 0. 0. 0. 0. 0. 0. 0. 0.],[0. 0. 0. 0. 0. 0. 0. 0. 0. 0. 0. 0.],[0. 0. 0. 0. 0. 0. 0. 0. 0. 0. 0. 0.],[0. 0. 0. 0. 0. 0. 0. 0. 0. 0. 0. 0.],[0. 0. 0. 0. 0. 0. 0. 0. 0. 0. 0. 0.],[0. 0. 0. 0. 0. 0. 0. 0. 0. 0. 0. 0.],[0. 0. 0. 0. 0. 0. 0. 0. 0. 0. 0. 0.],[0. 0. 0. 0. 0. 0. 0. 0. 0. 0. 0. 0.],0.3,0.3,0.3,0.3,0.3,0.3,0.3,0.3,0.01,0.01,0.01,0.01,0.01,0.01,0.01,0.01,,,,,,,,
294,6,0.44603174603174606,0.375,-12.205555555555556,0.45,4.166666666666667,0.16666666666666666,-16.48888888888889,1.5,11.52262576421102,11.52262576421102,11.52262576421102,11.52262576421102,11.52262576421102,11.52262576421102,11.52262576421102,11.52262576421102,157,157,157,157,157,157,157,157,0.0,0.0,1.0,0.0,0.0,0.0,1.0,0.0,0.15,0.15,0.15,0.15,0.15,0.15,0.15,0.15,[0. 0. 0. 0. 0. 0. 0. 0. 0. 0. 0. 0.],[0. 0. 0. 0. 0. 0. 0. 0. 0. 0. 0. 0.],[0. 0. 0. 0. 0. 0. 0. 0. 0. 0. 0. 0.],[0. 0. 0. 0. 0. 0. 0. 0. 0. 0. 0. 0.],[0. 0. 0. 0. 0. 0. 0. 0. 0. 0. 0. 0.],[0. 0. 0. 0. 0. 0. 0. 0. 0. 0. 0. 0.],[0. 0. 0. 0. 0. 0. 0. 0. 0. 0. 0. 0.],[0. 0. 0. 0. 0. 0. 0. 0. 0. 0. 0. 0.],0.3,0.3,0.3,0.3,0.3,0.3,0.3,0.3,0.01,0.01,0.01,0.01,0.01,0.01,0.01,0.01,,,,,,,,
295,1,18.5,-100.0,32.5,6.0,1.0,-95.5,0.0,0.5,9.91071605682373,9.91071605682373,9.91071605682373,9.91071605682373,9.91071605682373,9.91071605682373,9.91071605682373,9.91071605682373,126,126,126,126,126,126,126,126,0.0,1.0,0.0,0.0,0.0,1.0,0.0,0.0,0.15,0.15,0.15,0.15,0.15,0.15,0.15,0.15,[0. 0. 0. 0. 0. 0. 0. 0. 0. 0. 0. 0.],[0. 0. 0. 0. 0. 0. 0. 0. 0. 0. 0. 0.],[0. 0. 0. 0. 0. 0. 0. 0. 0. 0. 0. 0.],[0. 0. 0. 0. 0. 0. 0. 0. 0. 0. 0. 0.],[0. 0. 0. 0. 0. 0. 0. 0. 0. 0. 0. 0.],[0. 0. 0. 0. 0. 0. 0. 0. 0. 0. 0. 0.],[0. 0. 0. 0. 0. 0. 0. 0. 0. 0. 0. 0.],[0. 0. 0. 0. 0. 0. 0. 0. 0. 0. 0. 0.],0.3,0.3,0.3,0.3,0.3,0.3,0.3,0.3,0.01,0.01,0.01,0.01,0.01,0.01,0.01,0.01,,,,,,,,
296,1,11.0,32.0,-97.5,13.5,0.0,0.0,-100.0,0.0,11.696714401245117,11.696714401245117,11.696714401245117,11.696714401245117,11.696714401245117,11.696714401245117,11.696714401245117,11.696714401245117,118,118,118,118,118,118,118,118,0.0,0.0,1.0,0.0,0.0,0.0,1.0,0.0,0.15,0.15,0.15,0.15,0.15,0.15,0.15,0.15,[0. 0. 0. 0. 0. 0. 0. 0. 0. 0. 0. 0.],[0. 0. 0. 0. 0. 0. 0. 0. 0. 0. 0. 0.],[0. 0. 0. 0. 0. 0. 0. 0. 0. 0. 0. 0.],[0. 0. 0. 0. 0. 0. 0. 0. 0. 0. 0. 0.],[0. 0. 0. 0. 0. 0. 0. 0. 0. 0. 0. 0.],[0. 0. 0. 0. 0. 0. 0. 0. 0. 0. 0. 0.],[0. 0. 0. 0. 0. 0. 0. 0. 0. 0. 0. 0.],[0. 0. 0. 0. 0. 0. 0. 0. 0. 0. 0. 0.],0.3,0.3,0.3,0.3,0.3,0.3,0.3,0.3,0.01,0.01,0.01,0.01,0.01,0.01,0.01,0.01,,,,,,,,
297,1,11.0,-100.0,29.0,0.0,12.0,-92.0,6.5,0.0,10.8917236328125,10.8917236328125,10.8917236328125,10.8917236328125,10.8917236328125,10.8917236328125,10.8917236328125,10.8917236328125,133,133,133,133,133,133,133,133,0.0,1.0,0.0,0.0,0.0,1.0,0.0,0.0,0.15,0.15,0.15,0.15,0.15,0.15,0.15,0.15,[0. 0. 0. 0. 0. 0. 0. 0. 0. 0. 0. 0.],[0. 0. 0. 0. 0. 0. 0. 0. 0. 0. 0. 0.],[0. 0. 0. 0. 0. 0. 0. 0. 0. 0. 0. 0.],[0. 0. 0. 0. 0. 0. 0. 0. 0. 0. 0. 0.],[0. 0. 0. 0. 0. 0. 0. 0. 0. 0. 0. 0.],[0. 0. 0. 0. 0. 0. 0. 0. 0. 0. 0. 0.],[0. 0. 0. 0. 0. 0. 0. 0. 0. 0. 0. 0.],[0. 0. 0. 0. 0. 0. 0. 0. 0. 0. 0. 0.],0.3,0.3,0.3,0.3,0.3,0.3,0.3,0.3,0.01,0.01,0.01,0.01,0.01,0.01,0.01,0.01,,,,,,,,
298,1,18.5,-98.0,34.0,4.5,1.0,-100.0,0.0,0.0,9.484542846679688,9.484542846679688,9.484542846679688,9.484542846679688,9.484542846679688,9.484542846679688,9.484542846679688,9.484542846679688,120,120,120,120,120,120,120,120,0.0,1.0,0.0,0.0,0.0,1.0,0.0,0.0,0.15,0.15,0.15,0.15,0.15,0.15,0.15,0.15,[0. 0. 0. 0. 0. 0. 0. 0. 0. 0. 0. 0.],[0. 0. 0. 0. 0. 0. 0. 0. 0. 0. 0. 0.],[0. 0. 0. 0. 0. 0. 0. 0. 0. 0. 0. 0.],[0. 0. 0. 0. 0. 0. 0. 0. 0. 0. 0. 0.],[0. 0. 0. 0. 0. 0. 0. 0. 0. 0. 0. 0.],[0. 0. 0. 0. 0. 0. 0. 0. 0. 0. 0. 0.],[0. 0. 0. 0. 0. 0. 0. 0. 0. 0. 0. 0.],[0. 0. 0. 0. 0. 0. 0. 0. 0. 0. 0. 0.],0.3,0.3,0.3,0.3,0.3,0.3,0.3,0.3,0.01,0.01,0.01,0.01,0.01,0.01,0.01,0.01,,,,,,,,
299,3,0.7777777777777778,4.333333333333333,4.472222222222222,-26.444444444444443,0.6666666666666666,0.9444444444444445,0.08333333333333333,-28.5,11.770467122395834,11.770467122395834,11.770467122395834,11.770467122395834,11.770467122395834,11.770467122395834,11.770467122395834,11.770467122395834,163,163,163,163,163,163,163,163,0.0,0.0,0.0,1.0,0.0,0.0,0.0,1.0,0.15,0.15,0.15,0.15,0.15,0.15,0.15,0.15,[0. 0. 0. 0. 0. 0. 0. 0. 0. 0. 0. 0.],[0. 0. 0. 0. 0. 0. 0. 0. 0. 0. 0. 0.],[0. 0. 0. 0. 0. 0. 0. 0. 0. 0. 0. 0.],[0. 0. 0. 0. 0. 0. 0. 0. 0. 0. 0. 0.],[0. 0. 0. 0. 0. 0. 0. 0. 0. 0. 0. 0.],[0. 0. 0. 0. 0. 0. 0. 0. 0. 0. 0. 0.],[0. 0. 0. 0. 0. 0. 0. 0. 0. 0. 0. 0.],[0. 0. 0. 0. 0. 0. 0. 0. 0. 0. 0. 0.],0.3,0.3,0.3,0.3,0.3,0.3,0.3,0.3,0.01,0.01,0.01,0.01,0.01,0.01,0.01,0.01,,,,,,,,
